Handle,Title,Body (HTML),Vendor,Product Category,Type,Tags,Published,Option1 Name,Option1 Value,Option1 Linked To,Option2 Name,Option2 Value,Option2 Linked To,Option3 Name,Option3 Value,Option3 Linked To,Variant SKU,Variant Grams,Variant Inventory Tracker,Variant Inventory Policy,Variant Fulfillment Service,Variant Price,Variant Compare At Price,Variant Requires Shipping,Variant Taxable,Unit Price Total Measure,Unit Price Total Measure Unit,Unit Price Base Measure,Unit Price Base Measure Unit,Variant Barcode,Image Src,Image Position,Image Alt Text,Gift Card,SEO Title,SEO Description,Google Shopping / Google Product Category,Google Shopping / Gender,Google Shopping / Age Group,Google Shopping / MPN,Google Shopping / Condition,Google Shopping / Custom Product,Google Shopping / Custom Label 0,Google Shopping / Custom Label 1,Google Shopping / Custom Label 2,Google Shopping / Custom Label 3,Google Shopping / Custom Label 4,Anti Acariens (product.metafields.caracteristiques.anti_acariens),Anti Taches (product.metafields.caracteristiques.anti_taches),Appuis Tete Reglables (product.metafields.caracteristiques.appuis_tete_reglables),A Monter Soi Meme (product.metafields.caracteristiques.a_monter_soi_meme),Balise H1 (product.metafields.caracteristiques.balise_h1),Bois De La Structure (product.metafields.caracteristiques.bois_de_la_structure),Certification (product.metafields.caracteristiques.certification),Ce Qu Il Faut Savoir Description (product.metafields.caracteristiques.ce_qu_il_faut_savoir_description),Ce Qu Il Faut Savoir Sous Titre (product.metafields.caracteristiques.ce_qu_il_faut_savoir_sous_titre),Ce Qu Il Faut Savoir Titre (product.metafields.caracteristiques.ce_qu_il_faut_savoir_titre),Coffre (product.metafields.caracteristiques.coffre),Composition 10 (product.metafields.caracteristiques.composition_10),Composition 11 (product.metafields.caracteristiques.composition_11),Composition 12 (product.metafields.caracteristiques.composition_12),Composition 13 (product.metafields.caracteristiques.composition_13),Composition 1 Descriptions (product.metafields.caracteristiques.composition_1_descriptions),Composition 2 (product.metafields.caracteristiques.composition_2),Composition 3 (product.metafields.caracteristiques.composition_3),Composition 4 (product.metafields.caracteristiques.composition_4),Composition 5 (product.metafields.caracteristiques.composition_5),Composition 6 (product.metafields.caracteristiques.composition_6),Composition 7 (product.metafields.caracteristiques.composition_7),Composition 8 (product.metafields.caracteristiques.composition_8),Composition 9 (product.metafields.caracteristiques.composition_9),Composition matelas couche 1 (product.metafields.caracteristiques.composition_matelas_couche_1),Composition Tissu (product.metafields.caracteristiques.composition_tissu),Convertible (product.metafields.caracteristiques.convertible),Coussins Dehoussable (product.metafields.caracteristiques.coussins_dehoussable),Extensible Tables (product.metafields.caracteristiques.extensible_tables),Fabrication (product.metafields.caracteristiques.fabrication),Forme (product.metafields.caracteristiques.forme),Garantie (product.metafields.caracteristiques.garantie),Hypo Allerginique (product.metafields.caracteristiques.hypo_allerginique),Inclinable (product.metafields.caracteristiques.inclinable),Instructions A L Interieur Du Matelas (product.metafields.caracteristiques.instructions_a_l_interieur_du_matelas),Livre Roule (product.metafields.caracteristiques.livre_roule),Matiere Des Pieds (product.metafields.caracteristiques.matiere_des_pieds),Matiere Du Plateau (product.metafields.caracteristiques.matiere_du_plateau),Memoire De Forme (product.metafields.caracteristiques.memoire_de_forme),Meridienne Reversible (product.metafields.caracteristiques.meridienne_reversible),Meta Description (product.metafields.caracteristiques.meta_description),Meta Title (product.metafields.caracteristiques.meta_title),Modules Supplementaires (product.metafields.caracteristiques.modules_supplementaires),Mots Cles (product.metafields.caracteristiques.mots_cles),Nombre De Coussins Decoratif (product.metafields.caracteristiques.nombre_de_coussins_decoratif),Nombre De Places (product.metafields.caracteristiques.nombre_de_places),Pivotant (product.metafields.caracteristiques.pivotant),Plateau Relevable (product.metafields.caracteristiques.plateau_relevable),Presence De Meridienne (product.metafields.caracteristiques.presence_de_meridienne),Presence De Pieds (product.metafields.caracteristiques.presence_de_pieds),Presence D Accoudoirs (product.metafields.caracteristiques.presence_d_accoudoirs),Produits Deconseilles (product.metafields.caracteristiques.produits_deconseilles),Relax (product.metafields.caracteristiques.relax),Reversible (product.metafields.caracteristiques.reversible),Revetement (product.metafields.caracteristiques.revetement),Sommier Inclus (product.metafields.caracteristiques.sommier_inclus),Structure Principale (product.metafields.caracteristiques.structure_principale),Style Caracteristiques (product.metafields.caracteristiques.style_caracteristiques),Systeme De Levage (product.metafields.caracteristiques.systeme_de_levage),Test Martindale Cycles (product.metafields.caracteristiques.test_martindale_cycles),Tissu Anti Bouloches (product.metafields.caracteristiques.tissu_anti_bouloches),Tissu Deperlant (product.metafields.caracteristiques.tissu_deperlant),Tissu Resistant Aux Accrocs (product.metafields.caracteristiques.tissu_resistant_aux_accrocs),Type De Canape (product.metafields.caracteristiques.type_de_canape),Type De Chaise (product.metafields.caracteristiques.type_de_chaise),Type De Lit (product.metafields.caracteristiques.type_de_lit),Type De Matelas (product.metafields.caracteristiques.type_de_matelas),Type De Produit (product.metafields.caracteristiques.type_de_produit),Type De Sommier (product.metafields.caracteristiques.type_de_sommier),Type De Table (product.metafields.caracteristiques.type_de_table),Type D Ame (product.metafields.caracteristiques.type_d_ame),Type D Ouverture (product.metafields.caracteristiques.type_d_ouverture),Ventilation (product.metafields.caracteristiques.ventilation),Volume De Rangement (product.metafields.caracteristiques.volume_de_rangement),Accueil De L Assise Niveau De Confort (product.metafields.confort.accueil_de_l_assise_niveau_de_confort),Accueil Niveau De Confort (product.metafields.confort.accueil_niveau_de_confort),Soutien (product.metafields.confort.soutien),Soutien Du Dossier (product.metafields.confort.soutien_du_dossier),Caractéristiques - MATELAS (product.metafields.custom.caracteristiques_matelas),Composition ALPHA (product.metafields.custom.composition_2),Composition matelas couche 1  (product.metafields.custom.composition_matelas_couche_1),Délai de disponibilité (product.metafields.custom.delai_de_disponibilite),Éco-participation (product.metafields.custom.eco_participation),Entretien (product.metafields.custom.entretien),Finition (product.metafields.custom.finition),Garnissage (product.metafields.custom.garnissage),Hauteur des étagères (product.metafields.custom.hauteur_des_etageres),Housse (product.metafields.custom.housse),Longueur total cm (product.metafields.custom.longueur_total_cm),Profondeur (product.metafields.custom.profondeur),Proprietés (product.metafields.custom.proprietes),SKU (product.metafields.custom.sku),Structure (product.metafields.custom.structure),Titre General (product.metafields.custom.titre_general),Assises Dehoussable (product.metafields.dimensions.assises_dehoussable),Charge Maximum Kg (product.metafields.dimensions.charge_maximum_kg),Densite De L Assise Kg M3 (product.metafields.dimensions.densite_de_l_assise_kg_m3),Dimensions Colis 1 (product.metafields.dimensions.dimensions_colis_1),Dimensions Colis 2 (product.metafields.dimensions.dimensions_colis_2_dimensions_colis),Dimensions Colis 3 (product.metafields.dimensions.dimensions_colis_3),Dimensions Colis 4 (product.metafields.dimensions.dimensions_colis_4),Dimensions Couchage Cm (product.metafields.dimensions.dimensions_couchage_cm),Dimensions Coussins Deco 1 (product.metafields.dimensions.dimensions_coussins_deco_1),Dimensions Coussins Deco 2 (product.metafields.dimensions.dimensions_coussins_deco_2),Dimensions Tete De Lit Cm (product.metafields.dimensions.dimensions_tete_de_lit_cm),Epaisseur Du Plateau Cm (product.metafields.dimensions.epaisseur_du_plateau_cm),Epaisseur Matelas Cm Matelas (product.metafields.dimensions.epaisseur_matelas_cm_matelas),Hauteur Accoudoir Cm (product.metafields.dimensions.hauteur_accoudoir_cm),Hauteur Caisse Coffre Cm (product.metafields.dimensions.hauteur_caisse_coffre_cm),Hauteur Des Pieds Cm (product.metafields.dimensions.hauteur_des_pieds_cm),Hauteur Du Dossier Cm (product.metafields.dimensions.hauteur_du_dossier_cm),Hauteur D Assise Cm (product.metafields.dimensions.hauteur_d_assise_cm),Hauteur Totale Cm (product.metafields.dimensions.hauteur_totale_cm),Independance De Couchage (product.metafields.dimensions.independance_de_couchage),Largeur Accoudoir Cm (product.metafields.dimensions.largeur_accoudoir_cm),Largeur Couchage Cm (product.metafields.dimensions.largeur_couchage_cm),Largeur D Assise Cm (product.metafields.dimensions.largeur_d_assise_cm),Largeur Meridienne Cm (product.metafields.dimensions.largeur_meridienne_cm),Largeur Totale Cm (product.metafields.dimensions.largeur_totale_cm),Largeur totale Cm (product.metafields.dimensions.largeur_total_cm),Longeur Meridienne 1 Cm (product.metafields.dimensions.longeur_meridienne_1_cm),Longeur Meridienne 2 Cm (product.metafields.dimensions.longeur_meridienne_2_cm),Longueur Accoudoir Cm (product.metafields.dimensions.longueur_accoudoir_cm),Longueur Couchage Cm (product.metafields.dimensions.longueur_couchage_cm),Longueur Totale Cm Dimensions (product.metafields.dimensions.longueur_totale_cm_dimensions),Longueur Totale Cm (product.metafields.dimensions.longueur_total_cm),Nombre De Colis (product.metafields.dimensions.nombre_de_colis),Poids Kg (product.metafields.dimensions.poids_kg),Poids Total Kg (product.metafields.dimensions.poids_total_kg),Profondeur D Assise Chaises (product.metafields.dimensions.profondeur_d_assise_chaises),Profondeur D Assise Cm Avec Coussins (product.metafields.dimensions.profondeur_d_assise_cm_avec_coussins),Profondeur Totale Cm (product.metafields.dimensions.profondeur_totale_cm),Google: Custom Product (product.metafields.mm-google-shopping.custom_product),Product rating count (product.metafields.reviews.rating_count),Bed/Frame features (product.metafields.shopify.bed-frame-features),Bedding size (product.metafields.shopify.bedding-size),Color (product.metafields.shopify.color-pattern),Furniture/Fixture features (product.metafields.shopify.furniture-fixture-features),Furniture/Fixture material (product.metafields.shopify.furniture-fixture-material),Leg color (product.metafields.shopify.leg-color),Outdoor furniture items included (product.metafields.shopify.outdoor-furniture-items-included),Seat type (product.metafields.shopify.seat-type),Style (product.metafields.shopify.style),Tabletop color (product.metafields.shopify.tabletop-color),Upholstery material (product.metafields.shopify.upholstery-material),Complementary products (product.metafields.shopify--discovery--product_recommendation.complementary_products),Related products (product.metafields.shopify--discovery--product_recommendation.related_products),Related products settings (product.metafields.shopify--discovery--product_recommendation.related_products_display),Search product boosts (product.metafields.shopify--discovery--product_search_boost.queries),Variant Image,Variant Weight Unit,Variant Tax Code,Cost per item,Included / France,Price / France,Compare At Price / France,Status
matelas-st-germain-ressorts-ensaches-30-cm-mi-ferme,Matelas ST GERMAIN ressorts ensachés 30 cm mi-ferme,,TRUST INDUSTRIE,Furniture > Beds & Accessories > Mattresses,Matelas,Matelas,true,Dimensions,160 x 200 cm,,,,,,,,'34,0.0,shopify,deny,manual,489.00,799.00,true,true,,,,,,https://cdn.shopify.com/s/files/1/0996/7245/7553/files/matelas-st-germain-ressorts-ensaches-30-cm-mi-ferme-8255765.png?v=1779109099,1,Matelas ST GERMAIN ressorts ensachés 30 cm mi - ferme - TRUST INDUSTRIE - 160 x 200 cm - ,false,,,2696,,,,,,,,,,,,,,,Matelas ST GERMAIN 30 cm ressorts ensachés mi-ferme,,OEKO TEX,,,,,,,,,,Accueil visco - élastique 50 kg/m³ : accueil équilibré.,"Fibre hypoallergénique 250 g : respirabilité accrue, effet aéré.",Mousse SuperSoft 2 cm – 25 kg/m³ : soutien intermédiaire.,"Mousse HR - 27 kg/m³ - 4 cm : soutien principal, fermeté stable.",Carcasse épaisseur 8 cm - 32 kg/m³ HR : renforce la structure et absorbe les pressions.,Ressorts ensachés 20 cm : couche respirante en bas.,1 cm de fibre hypoallergénique : douceur et respirabilité.,Tissu 3D respirable : ultra-respirant pour évacuer l'humidité.,,,,,,Europe,,5 ans,Oui,,,,,,Non,,,Matelas ST GERMAIN 30 cm ressorts ensachés | Trust Industrie,,,,,,,,,,,,,,Non,2 places,"Produits chimiques agressifs (javel, ammoniaque, solvants, détachants industriels).",,,,,,,,,"Matelas mousse HR, Matelas ressorts ensachés",,,,Âme ressorts ensachés avec renfort mousse Haute Résilience (HR),,,,,Équilibré,Mi-ferme,,,,"issu stretch 300 g : souple, doux et légèrement extensible.",,,,,,,,,,,,,ST GERMAIN,,,,,,,,,,,,,30 cm,,,,,,,,,,,,,,,,,,,,,,,,,,,,,,,,,,,,,,,,,,,,kg,,,true,,,active
matelas-st-germain-ressorts-ensaches-30-cm-mi-ferme,,,,,,,,,180 x 200 cm,,,,,,,,'34,0.0,shopify,deny,manual,540.00,899.00,true,true,,,,,,https://cdn.shopify.com/s/files/1/0996/7245/7553/files/matelas-st-germain-ressorts-ensaches-30-cm-mi-ferme-1367150.png?v=1779109099,2,Matelas ST GERMAIN ressorts ensachés 30 cm mi - ferme - TRUST INDUSTRIE - 160 x 200 cm - ,,,,,,,,,,,,,,,,,,,,,,,,,,,,,,,,,,,,,,,,,,,,,,,,,,,,,,,,,,,,,,,,,,,,,,,,,,,,,,,,,,,,,,,,,,,,,,,,,,,,,,,,,,,,,,,,,,,,,,,,,,,,,,,,,,,,,,,,,,,,,,,,,,,,,,,,,,,,,,,,,,,,,kg,,,,,,
matelas-st-germain-ressorts-ensaches-30-cm-mi-ferme,,,,,,,,,,,,,,,,,,,,,,,,,,,,,,,https://cdn.shopify.com/s/files/1/0996/7245/7553/files/matelas-st-germain-ressorts-ensaches-30-cm-mi-ferme-2957556.png?v=1779109100,3,Matelas ST GERMAIN ressorts ensachés 30 cm mi - ferme - TRUST INDUSTRIE - 160 x 200 cm - ,,,,,,,,,,,,,,,,,,,,,,,,,,,,,,,,,,,,,,,,,,,,,,,,,,,,,,,,,,,,,,,,,,,,,,,,,,,,,,,,,,,,,,,,,,,,,,,,,,,,,,,,,,,,,,,,,,,,,,,,,,,,,,,,,,,,,,,,,,,,,,,,,,,,,,,,,,,,,,,,,,,,,,,,,,,
sydney-180-200,Matelas mi-ferme 2 places 180X190 cm SYDNEY en mousse polyuréthane et ressorts ensachés,,Trust Industrie,Furniture > Beds & Accessories > Mattresses > Innerspring Mattresses,Matelas,"Europe, Livré roulé, Matelas",false,Title,Default Title,,,,,,,,'34,0.0,shopify,deny,manual,711.00,1186.00,true,true,,,,,,https://cdn.shopify.com/s/files/1/0996/7245/7553/files/matelas-mi-ferme-2-places-160x200-cm-sydney-en-mousse-polyurethane-et-ressorts-ensaches-3507160.png?v=1771474711,1,Matelas mi - ferme 2 places 160X200 cm SYDNEY en mousse polyuréthane et ressorts ensachés - TRUST INDUSTRIE - ,false,Matelas 2 places 140X190 cm SYDNEY en mousse polyuréthane,Retrouvez le matelas mi-ferme 2 places 180X200 cm SYDNEY en mousse polyuréthane + ressorts ensachés. Livraison à domicile. Fabriqué en Europe.,,,,,,,,,,,,Oui,,,,Matelas mi-ferme 2 places 140X190 cm SYDNEY en mousse polyuréthane et ressorts ensachés,,OEKO TEX,,,,,Tissu 3D : ultra-respirant pour évacuer l’humidité.,,,,"Tissu techno jacquard : élégant, respirant et résistant.",Mousse super soft 2 cm (25 kg/m³) : accueil moelleux.,"Mousse polyuréthane 1,5 cm (23 kg/m³) : soutien léger.",Mousse super soft 2 cm (25 kg/m³) : soutien renforcé.,Mousse HR 5 cm (42 kg/m³) : soutien durable et confort profond.,"Mousse HR 5 cm (33 kg/m³) : soutien intermédiaire, équilibre et confort",Ressorts ensachés 15 cm – 860 ressorts : soutien morphologique.,Fibre tech 2 cm – 1500 g : grande respirabilité.,Fibre 1 cm – 200 g : finition respirante,,,,,,Europe,,5 ans,Oui,,Aspirez régulièrement le matelas à l’aide d’un aspirateur muni d’un embout adapté afin d’éliminer poussières et acariens.,Oui,,,Non,,Retrouvez le matelas mi-ferme 2 places 180X200 cm SYDNEY en mousse polyuréthane + ressorts ensachés. Livraison à domicile. Fabriqué en Europe.,Matelas 2 places 140X190 cm SYDNEY en mousse polyuréthane,,,,2 places,,,,,,"Produits chimiques agressifs (javel, ammoniaque, solvants, détachants industriels).",,,,Non,,,,,,,,,,,"Matelas mousse HR, Matelas ressorts ensachés",Matelas,,,"Mousse HR, Mousse super soft",,Standard,,,Tonique,Ferme,,,,,,,,,,,,,,,,,SYDNEY 180/200,,,,195x40x40 cm,,,,180 x 200 cm,,,,,29 cm,,,,,,,Moyenne,,,,,200 cm,,,,,,180 cm,,1,50,50,,,,,,,,,,,,,,,,,,,,,,kg,,307.00,true,,,draft
sydney-180-200,,,,,,,,,,,,,,,,,,,,,,,,,,,,,,,https://cdn.shopify.com/s/files/1/0996/7245/7553/files/matelas-mi-ferme-2-places-160x200-cm-sydney-en-mousse-polyurethane-et-ressorts-ensaches-9973355.png?v=1772701385,2,Matelas mi - ferme 2 places 160X200 cm SYDNEY en mousse polyuréthane et ressorts ensachés - TRUST INDUSTRIE - ,,,,,,,,,,,,,,,,,,,,,,,,,,,,,,,,,,,,,,,,,,,,,,,,,,,,,,,,,,,,,,,,,,,,,,,,,,,,,,,,,,,,,,,,,,,,,,,,,,,,,,,,,,,,,,,,,,,,,,,,,,,,,,,,,,,,,,,,,,,,,,,,,,,,,,,,,,,,,,,,,,,,,,,,,,,
sydney-180-200,,,,,,,,,,,,,,,,,,,,,,,,,,,,,,,https://cdn.shopify.com/s/files/1/0996/7245/7553/files/matelas-mi-ferme-2-places-160x200-cm-sydney-en-mousse-polyurethane-et-ressorts-ensaches-7705780.png?v=1772701385,3,Matelas mi - ferme 2 places 160X200 cm SYDNEY en mousse polyuréthane et ressorts ensachés - TRUST INDUSTRIE - ,,,,,,,,,,,,,,,,,,,,,,,,,,,,,,,,,,,,,,,,,,,,,,,,,,,,,,,,,,,,,,,,,,,,,,,,,,,,,,,,,,,,,,,,,,,,,,,,,,,,,,,,,,,,,,,,,,,,,,,,,,,,,,,,,,,,,,,,,,,,,,,,,,,,,,,,,,,,,,,,,,,,,,,,,,,
matelas-mi-ferme-2-places-140x190-cm-sydney-en-mousse-polyurethane-et-ressorts-ensaches,Matelas mi-ferme 2 places SYDNEY en mousse polyuréthane et ressorts ensachés,,Trust Industrie,Furniture > Beds & Accessories > Mattresses > Innerspring Mattresses,Matelas,"Europe, Livré roulé, Matelas",true,Dimensions,140 x 190 cm,,,,,,,,'34,0.0,shopify,deny,manual,699.00,999.00,true,true,,,,,,https://cdn.shopify.com/s/files/1/0996/7245/7553/files/matelas-mi-ferme-2-places-160x200-cm-sydney-en-mousse-polyurethane-et-ressorts-ensaches-3507160.png?v=1771474711,1,Matelas mi - ferme 2 places 160X200 cm SYDNEY en mousse polyuréthane et ressorts ensachés - TRUST INDUSTRIE - ,false,Matelas 2 places 140X190 cm SYDNEY en mousse polyuréthane,Retrouvez le matelas mi-ferme 2 places 140X190 cm SYDNEY en mousse polyuréthane + ressorts ensachés. Livraison à domicile. Fabriqué en Europe.,,,,,,,,,,,,Oui,,,,Matelas mi-ferme 2 places SYDNEY en mousse polyuréthane et ressorts ensachés,,OEKO TEX,,,,,Tissu 3D : ultra-respirant pour évacuer l’humidité.,,,,"Tissu techno jacquard : élégant, respirant et résistant.",Mousse super soft 2 cm (25 kg/m³) : accueil moelleux.,"Mousse polyuréthane 1,5 cm (23 kg/m³) : soutien léger.",Mousse super soft 2 cm (25 kg/m³) : soutien renforcé.,Mousse HR 5 cm (42 kg/m³) : soutien durable et confort profond.,"Mousse HR 5 cm (33 kg/m³) : soutien intermédiaire, équilibre et confort",Ressorts ensachés 15 cm – 860 ressorts : soutien morphologique.,Fibre tech 2 cm – 1500 g : grande respirabilité.,Fibre 1 cm – 200 g : finition respirante,,,,,,Europe,,5 ans,Oui,,Aspirez régulièrement le matelas à l’aide d’un aspirateur muni d’un embout adapté afin d’éliminer poussières et acariens.,Oui,,,Non,,Retrouvez le matelas mi-ferme 2 places SYDNEY en mousse polyuréthane + ressorts ensachés. Livraison à domicile. Fabriqué en Europe.,Matelas 2 places SYDNEY en mousse polyuréthane,,,,2 places,,,,,,"Produits chimiques agressifs (javel, ammoniaque, solvants, détachants industriels).",,,,Non,,,,,,,,,,,Matelas mousse HR,Matelas,,,"Mousse HR, Mousse super soft",,Standard,,,Tonique,Ferme,,,,,,9.17 EUR,,,,,,,,,,,SYDNEY ,,,,,,,,,,,,,,,,,,,,Moyenne,,,,,,,,,,,,,,,,,,,,,,,,,,,,,,,,,,,,,kg,,237.00,true,,,active
matelas-mi-ferme-2-places-140x190-cm-sydney-en-mousse-polyurethane-et-ressorts-ensaches,,,,,,,,,160 x 200 cm,,,,,,,,'34,0.0,shopify,deny,manual,787.00,1124.00,true,true,,,,,,https://cdn.shopify.com/s/files/1/0996/7245/7553/files/matelas-mi-ferme-2-places-160x200-cm-sydney-en-mousse-polyurethane-et-ressorts-ensaches-9973355.png?v=1772701385,2,Matelas mi - ferme 2 places 160X200 cm SYDNEY en mousse polyuréthane et ressorts ensachés - TRUST INDUSTRIE - ,,,,,,,,,,,,,,,,,,,,,,,,,,,,,,,,,,,,,,,,,,,,,,,,,,,,,,,,,,,,,,,,,,,,,,,,,,,,,,,,,,,,,,,,,,,,,,,,,,,,,,,,,,,,,,,,,,,,,,,,,,,,,,,,,,,,,,,,,,,,,,,,,,,,,,,,,,,,,,,,,,,,,kg,,237.00,,,,
matelas-mi-ferme-2-places-140x190-cm-sydney-en-mousse-polyurethane-et-ressorts-ensaches,,,,,,,,,180 x 200 cm,,,,,,,,'34,0.0,shopify,deny,manual,830.00,1186.00,true,true,,,,,,https://cdn.shopify.com/s/files/1/0996/7245/7553/files/matelas-mi-ferme-2-places-160x200-cm-sydney-en-mousse-polyurethane-et-ressorts-ensaches-7705780.png?v=1772701385,3,Matelas mi - ferme 2 places 160X200 cm SYDNEY en mousse polyuréthane et ressorts ensachés - TRUST INDUSTRIE - ,,,,,,,,,,,,,,,,,,,,,,,,,,,,,,,,,,,,,,,,,,,,,,,,,,,,,,,,,,,,,,,,,,,,,,,,,,,,,,,,,,,,,,,,,,,,,,,,,,,,,,,,,,,,,,,,,,,,,,,,,,,,,,,,,,,,,,,,,,,,,,,,,,,,,,,,,,,,,,,,,,,,,kg,,237.00,,,,
matelas-ferme-2-places-140x190-cm-monaco-en-mousse-a-memoire-de-forme-et-ressorts-ensaches,Matelas ferme 2 places MONACO en mousse à mémoire de forme et ressorts ensachés,,Trust Industrie,Furniture > Beds & Accessories > Mattresses > Memory Foam Mattresses,Matelas,"Europe, Livré roulé, Matelas",true,Dimensions,160 x 200 cm,,,,,,,,'34,0.0,shopify,deny,manual,832.00,1386.00,true,true,,,,,,https://cdn.shopify.com/s/files/1/0996/7245/7553/files/matelas-ferme-2-places-180x200-cm-monaco-en-mousse-a-memoire-de-forme-et-ressorts-ensaches-8305333.png?v=1771474706,1,Matelas ferme 2 places 180X200 cm MONACO en mousse à mémoire de forme et ressorts ensachés - TRUST INDUSTRIE - ,false,Matelas 2 places 140X190 cm MONACO mémoire de forme,Retrouvez le matelas ferme 2 places 140X190 cm MONACO en mousse à mémoire de forme + ressorts ensachés. Fabriqué en Europe.,,,,,,,,,,,,Oui,,,,Matelas ferme 2 places MONACO en mousse à mémoire de forme et ressorts ensachés,,OEKO TEX,,,,,Mousse 1 cm - 23kg/m3 : base stable et durable.,,,,"Tissu techno jacquard : élégant, respirant et résistant.",Mousse super soft 2 cm : accueil moelleux.,Mousse viscogel 2 cm - 55kg/m3 : effet fraîcheur pour plus de confort.,Fibre 150 gr hypoallergénique : respirabilité et douceur.,Mousse visco 4 cm - 55kg/m3 : mémoire de forme haut de gamme.,Mousse HR 37kg/m3 - 5 cm : soutien ferme et durable.,Ressorts ensachés 17 cm : maintien morphologique.,Entourage bloc mousse 10 cm -32kg/m3 : stabilité et renfort des bords.,Fibre 200 grammes : finition respirante et confortable.,,,,,,Europe,,5 ans,Oui,,Aspirez régulièrement le matelas à l’aide d’un aspirateur muni d’un embout adapté afin d’éliminer poussières et acariens.,Oui,,,Oui,,Retrouvez le matelas ferme 2 places MONACO en mousse à mémoire de forme + ressorts ensachés. Fabriqué en Europe.,Matelas 2 places MONACO mémoire de forme,,,,2 places,,,,,,"Produits chimiques agressifs (javel, ammoniaque, solvants, détachants industriels).",,,,Non,,,,,,,,,,,"Matelas mousse HR, Matelas ressorts ensachés",Matelas,,,"Mousse HR, Ressorts ensachés",,Optimale,,,Tonique,Ferme,,,,,,9.17 EUR,,,,,,,,,,,MONACO ,,,,,,,,,,,,,,,,,,,,Excellente,,,,,,,,,,,,,,,,,,,,,,,,,,,,,,,,,,,,,kg,,310.00,true,,,active
matelas-ferme-2-places-140x190-cm-monaco-en-mousse-a-memoire-de-forme-et-ressorts-ensaches,,,,,,,,,,,,,,,,,,,,,,,,,,,,,,,https://cdn.shopify.com/s/files/1/0996/7245/7553/files/matelas-monaco-ressorts-ensaches-memoire-forme-soutien-ferme-couches-internes.png?v=1771409827,2,,,,,,,,,,,,,,,,,,,,,,,,,,,,,,,,,,,,,,,,,,,,,,,,,,,,,,,,,,,,,,,,,,,,,,,,,,,,,,,,,,,,,,,,,,,,,,,,,,,,,,,,,,,,,,,,,,,,,,,,,,,,,,,,,,,,,,,,,,,,,,,,,,,,,,,,,,,,,,,,,,,,,,,,,,,,
matelas-ferme-2-places-140x190-cm-monaco-en-mousse-a-memoire-de-forme-et-ressorts-ensaches,,,,,,,,,,,,,,,,,,,,,,,,,,,,,,,https://cdn.shopify.com/s/files/1/0996/7245/7553/files/matelas-ferme-2-places-180x200-cm-monaco-en-mousse-a-memoire-de-forme-et-ressorts-ensaches-9490373.png?v=1771474706,3,Matelas ferme 2 places 180X200 cm MONACO en mousse à mémoire de forme et ressorts ensachés - TRUST INDUSTRIE - ,,,,,,,,,,,,,,,,,,,,,,,,,,,,,,,,,,,,,,,,,,,,,,,,,,,,,,,,,,,,,,,,,,,,,,,,,,,,,,,,,,,,,,,,,,,,,,,,,,,,,,,,,,,,,,,,,,,,,,,,,,,,,,,,,,,,,,,,,,,,,,,,,,,,,,,,,,,,,,,,,,,,,,,,,,,
matelas-ferme-2-places-140x190-cm-monaco-en-mousse-a-memoire-de-forme-et-ressorts-ensaches,,,,,,,,,,,,,,,,,,,,,,,,,,,,,,,https://cdn.shopify.com/s/files/1/0996/7245/7553/files/matelas-ferme-2-places-180x200-cm-monaco-en-mousse-a-memoire-de-forme-et-ressorts-ensaches-1274803.png?v=1771474707,4,Matelas ferme 2 places 180X200 cm MONACO en mousse à mémoire de forme et ressorts ensachés - TRUST INDUSTRIE - ,,,,,,,,,,,,,,,,,,,,,,,,,,,,,,,,,,,,,,,,,,,,,,,,,,,,,,,,,,,,,,,,,,,,,,,,,,,,,,,,,,,,,,,,,,,,,,,,,,,,,,,,,,,,,,,,,,,,,,,,,,,,,,,,,,,,,,,,,,,,,,,,,,,,,,,,,,,,,,,,,,,,,,,,,,,
matelas-ferme-2-places-140x190-cm-monaco-en-mousse-a-memoire-de-forme-et-ressorts-ensaches,,,,,,,,,,,,,,,,,,,,,,,,,,,,,,,https://cdn.shopify.com/s/files/1/0996/7245/7553/files/matelas-monaco-ressorts-ensaches-memoire-forme-soutien-ferme-zoom-tissu2.jpg?v=1771409709,5,,,,,,,,,,,,,,,,,,,,,,,,,,,,,,,,,,,,,,,,,,,,,,,,,,,,,,,,,,,,,,,,,,,,,,,,,,,,,,,,,,,,,,,,,,,,,,,,,,,,,,,,,,,,,,,,,,,,,,,,,,,,,,,,,,,,,,,,,,,,,,,,,,,,,,,,,,,,,,,,,,,,,,,,,,,,
matelas-ferme-2-places-140x190-cm-monaco-en-mousse-a-memoire-de-forme-et-ressorts-ensaches,,,,,,,,,,,,,,,,,,,,,,,,,,,,,,,https://cdn.shopify.com/s/files/1/0996/7245/7553/files/matelas-ferme-2-places-180x200-cm-monaco-en-mousse-a-memoire-de-forme-et-ressorts-ensaches-2388818.png?v=1771474706,6,Matelas ferme 2 places 180X200 cm MONACO en mousse à mémoire de forme et ressorts ensachés - TRUST INDUSTRIE - ,,,,,,,,,,,,,,,,,,,,,,,,,,,,,,,,,,,,,,,,,,,,,,,,,,,,,,,,,,,,,,,,,,,,,,,,,,,,,,,,,,,,,,,,,,,,,,,,,,,,,,,,,,,,,,,,,,,,,,,,,,,,,,,,,,,,,,,,,,,,,,,,,,,,,,,,,,,,,,,,,,,,,,,,,,,
matelas-mi-ferme-2-places-140x190-cm-new-york-en-mousse-a-memoire-de-forme-et-ressorts-ensaches,Matelas mi-ferme 2 places NEW YORK en mousse à mémoire de forme et ressorts ensachés,,Trust Industrie,Furniture > Beds & Accessories > Mattresses > Memory Foam Mattresses,Matelas,"Europe, Matelas",true,Dimensions ,140 x 190 cm,,,,,,,,'34,0.0,shopify,deny,manual,787.00,1324.00,true,true,,,,,,https://cdn.shopify.com/s/files/1/0996/7245/7553/files/matelas-mi-ferme-2-places-180x200-cm-new-york-en-mousse-a-memoire-de-forme-et-ressorts-ensaches-1543473.png?v=1771474699,1,Matelas mi - ferme 2 places 180X200 cm NEW YORK en mousse à mémoire de forme et ressorts ensachés - TRUST INDUSTRIE - ,false,Matelas 2 places 140X190 cm NEW YORK mémoire de forme,Retrouvez le matelas mi-ferme 2 places 140X190 cm NEW YORK en mousse à mémoire de forme + ressorts ensachés. Fabriqué en Europe.,,,,,,,,,,,,Oui,,,,Matelas mi-ferme 2 places NEW YORK en mousse à mémoire de forme et ressorts ensachés,,OEKO TEX,,,,,Mousse super soft 2 cm : accueil moelleux et confortable.,Fibre hypoallergénique 150 g : respirabilité et douceur.,Eurolatex 4 cm : soutien naturel et élasticité optimale.,Mousse HR 2 cm : maintien ferme et équilibré.,Face été: Tissu Gel Fresh : respirant et effet fraîcheur.,Mousse super soft 2 cm : accueil moelleux et enveloppant,"Mousse HR 1,5 cm : soutien léger et confortable.",Fibre hypoallergénique 150 g : douceur et respirabilité.,Mousse HR 2 cm : confort renforcé.,Mousse HR 5 cm : soutien ferme et durable.,Ressorts ensachés Nesting : maintien morphologique et indépendance de couchage.,Entourage bloc mousse 12 cm : stabilité et renfort des bords.,"Face hiver: Tissu stretch 320 g : doux, extensible et respirant.",,,,,,Europe,,5 ans,Oui,,Aspirez régulièrement le matelas à l’aide d’un aspirateur muni d’un embout adapté afin d’éliminer poussières et acariens.,Non,,,Oui,,Retrouvez le matelas mi-ferme 2 places NEW YORK en mousse à mémoire de forme + ressorts ensachés. Fabriqué en Europe.,Matelas 2 places NEW YORK mémoire de forme,,,,2 places,,,,,,"Produits chimiques agressifs (javel, ammoniaque, solvants, détachants industriels).",,,,Non,,,,,,,,,,,"Matelas mousse HR, Matelas ressorts ensachés",Matelas,,,"Mousse HR, Ressorts ensachés",,Optimale,,,Moelleux,Enveloppant,,,,,,9.17 EUR,,,,,,,,,,,NEW YORK,,,,,,,,,,,,,,,,,,,,Excellente,,,,,,,,,,,,,,,,,,,,,,,,,,,,,,,,,,,,,kg,,313.00,true,,,active
matelas-mi-ferme-2-places-140x190-cm-new-york-en-mousse-a-memoire-de-forme-et-ressorts-ensaches,,,,,,,,,160 x 200 cm,,,,,,,,'34,0.0,shopify,deny,manual,944.00,1574.00,true,true,,,,,,https://cdn.shopify.com/s/files/1/0996/7245/7553/files/matelas-mi-ferme-2-places-180x200-cm-new-york-en-mousse-a-memoire-de-forme-et-ressorts-ensaches-8214109.webp?v=1772638027,2,Matelas mi - ferme 2 places 180X200 cm NEW YORK en mousse à mémoire de forme et ressorts ensachés - TRUST INDUSTRIE - ,,,,,,,,,,,,,,,,,,,,,,,,,,,,,,,,,,,,,,,,,,,,,,,,,,,,,,,,,,,,,,,,,,,,,,,,,,,,,,,,,,,,,,,,,,,,,,,,,,,,,,,,,,,,,,,,,,,,,,,,,,,,,,,,,,,,,,,,,,,,,,,,,,,,,,,,,,,,,,,,,,,,,kg,,313.00,,,,
matelas-mi-ferme-2-places-140x190-cm-new-york-en-mousse-a-memoire-de-forme-et-ressorts-ensaches,,,,,,,,,180 x 200 cm,,,,,,,,'34,0.0,shopify,deny,manual,1154.00,1824.00,true,true,,,,,,,,,,,,,,,,,,,,,,,,,,,,,,,,,,,,,,,,,,,,,,,,,,,,,,,,,,,,,,,,,,,,,,,,,,,,,,,,,,,,,,,,,,,,,,,,,,,,,,,,,,,,,,,,,,,,,,,,,,,,,,,,,,,,,,,,,,,,,,,,,,,,,,,,,,,,,,,,,,,,,,,,,,,,,kg,,313.00,,,,
matelas-mi-ferme-1-place-90x190-cm-new-york-en-mousse-a-memoire-de-forme-et-ressorts-ensaches,Matelas mi-ferme 1 place 90X190 cm NEW YORK en mousse à mémoire de forme et ressorts ensachés,,Trust Industrie,Furniture > Beds & Accessories > Mattresses > Memory Foam Mattresses,Matelas,"Europe, Matelas",true,Title,Default Title,,,,,,,,'34,0.0,shopify,deny,manual,999.00,1210.00,true,true,,,,,,https://cdn.shopify.com/s/files/1/0996/7245/7553/files/matelas-mi-ferme-1-place-90x190-cm-new-york-en-mousse-a-memoire-de-forme-et-ressorts-ensaches-5566348.jpg?v=1772717594,1,Matelas mi - ferme 1 place 90X190 cm NEW YORK en mousse à mémoire de forme et ressorts ensachés - TRUST INDUSTRIE - ,false,Matelas 1 place 90X190 cm NEW YORK mémoire de forme,Retrouvez le matelas mi-ferme 1 place 90X190 cm NEW YORK en mousse à mémoire de forme + ressorts ensachés. Fabriqué en Europe.,,,,,,,,,,,,Oui,,,,Matelas mi-ferme 1 place 90X190 cm NEW YORK en mousse à mémoire de forme et ressorts ensachés,,OEKO TEX,,,,,Mousse super soft 2 cm : accueil moelleux et confortable.,Fibre hypoallergénique 150 g : respirabilité et douceur.,Eurolatex 4 cm : soutien naturel et élasticité optimale.,Mousse HR 2 cm : maintien ferme et équilibré.,Face été: Tissu Gel Fresh : respirant et effet fraîcheur.,Mousse super soft 2 cm : accueil moelleux et enveloppant,"Mousse HR 1,5 cm : soutien léger et confortable.",Fibre hypoallergénique 150 g : douceur et respirabilité.,Mousse HR 2 cm : confort renforcé.,Mousse HR 5 cm : soutien ferme et durable.,Ressorts ensachés Nesting : maintien morphologique et indépendance de couchage.,Entourage bloc mousse 12 cm : stabilité et renfort des bords.,"Face hiver: Tissu stretch 320 g : doux, extensible et respirant.",,,,,,Europe,,5 ans,Oui,,Aspirez régulièrement le matelas à l’aide d’un aspirateur muni d’un embout adapté afin d’éliminer poussières et acariens.,Non,,,Oui,,Retrouvez le matelas mi-ferme 1 place 90X190 cm NEW YORK en mousse à mémoire de forme + ressorts ensachés. Fabriqué en Europe.,Matelas 1 place 90X190 cm NEW YORK mémoire de forme,,,,1 place,,,,,,"Produits chimiques agressifs (javel, ammoniaque, solvants, détachants industriels).",,,,Non,,,,,,,,,,,"Matelas mousse HR, Matelas ressorts ensachés",Matelas,,,"Mousse HR, Ressorts ensachés",,Optimale,,,Moelleux,Enveloppant,,,,,,4.58 EUR,,,,,,,,,,,NEW YORK 90/190,,,,105x40x40 cm,,,,90 x 190 cm,,,,,35 cm,,,,,,,Excellente,,,,,190 cm,,,,,,90 cm,,1,50,,,,,,,,,,,,,,,,,,,,,,,kg,,247.00,true,,,active
matelas-mi-ferme-1-place-90x190-cm-new-york-en-mousse-a-memoire-de-forme-et-ressorts-ensaches,,,,,,,,,,,,,,,,,,,,,,,,,,,,,,,https://cdn.shopify.com/s/files/1/0996/7245/7553/files/matelas-mi-ferme-2-places-180x200-cm-new-york-en-mousse-a-memoire-de-forme-et-ressorts-ensaches-8214109.webp?v=1772638027,2,Matelas mi - ferme 2 places 180X200 cm NEW YORK en mousse à mémoire de forme et ressorts ensachés - TRUST INDUSTRIE - ,,,,,,,,,,,,,,,,,,,,,,,,,,,,,,,,,,,,,,,,,,,,,,,,,,,,,,,,,,,,,,,,,,,,,,,,,,,,,,,,,,,,,,,,,,,,,,,,,,,,,,,,,,,,,,,,,,,,,,,,,,,,,,,,,,,,,,,,,,,,,,,,,,,,,,,,,,,,,,,,,,,,,,,,,,,
matelas-ferme-2-places-140x190-cm-las-vegas-mousse-a-memoire-de-forme-et-ressorts-ensaches,Matelas ferme 2 places  LAS VEGAS mousse à mémoire de forme et ressorts ensachés,,Trust Industrie,Furniture > Beds & Accessories > Mattresses > Memory Foam Mattresses,Matelas,"Europe, Livré roulé, Matelas",true,Dimensions,140 x 190 cm,,,,,,,,'34,0.0,shopify,deny,manual,769.00,1124.00,true,true,,,,,,https://cdn.shopify.com/s/files/1/0996/7245/7553/files/matelas-ferme-2-places-140x190-cm-las-vegas-mousse-a-memoire-de-forme-et-ressorts-ensaches-6720894.jpg?v=1771474700,1,Matelas ferme 2 places 140X190 cm LAS VEGAS mousse à mémoire de forme et ressorts ensachés - TRUST INDUSTRIE - ,false,Matelas 2 places 140X190 cm LAS VEGAS mémoire de forme,Retrouvez le matelas ferme 2 places 140X190 cm LAS VEGAS mousse à mémoire de forme + ressorts ensachés. Fabriqué en Europe.,,,,,,,,,,,,Oui,,,,Matelas ferme 2 places 140X190 cm LAS VEGAS mousse à mémoire de forme et ressorts ensachés,,OEKO TEX,,,,,"Tissu 3D : circulation d’air maximale, évite l’humidité",,,,Tissu techno jacquard : esthétique et respirant,Viscose polyester : douceur et régulation thermique.,2 cm de mousse visco gel (60 kg/m³) : effet fraîcheur.,2 cm mousse HR (25 kg/m³) : soutien souple.,3 cm mousse viscoélastique HR (45 kg/m³) : mémoire de forme haut de gamme.,5 cm mousse HR (42 kg/m³) : soutien profond et durable.,17 cm – 1800 multi-ressorts ensachés : excellente indépendance de couchage.,1 cm fibre 1500g : grande respirabilité,1 cm mousse HR (30 kg/m³) : base stable et renforcée.,,,,,,Europe,,5 ans,Oui,,Aspirez régulièrement le matelas à l’aide d’un aspirateur muni d’un embout adapté afin d’éliminer poussières et acariens.,Oui,,,Oui,,Retrouvez le matelas ferme 2 places LAS VEGAS mousse à mémoire de forme + ressorts ensachés. Fabriqué en Europe.,Matelas 2 places LAS VEGAS mémoire de forme,,,,2 places,,,,,,"Produits chimiques agressifs (javel, ammoniaque, solvants, détachants industriels).",,,,Non,,,,,,,,,,,Matelas ressorts ensachés,Matelas,,,"Mousse HR, Ressorts ensachés",,Optimale,,,Enveloppant,Ferme,,,,,,9.17 EUR,,,,,,,,,,,LAS VEGAS ,,,,,,,,,,,,,,,,,,,,Excellente,,,,,,,,,,,,,,,,,,,,,,,,,,,,,,,,,,,,,kg,,268.00,true,,,active
matelas-ferme-2-places-140x190-cm-las-vegas-mousse-a-memoire-de-forme-et-ressorts-ensaches,,,,,,,,,160 x 200 cm,,,,,,,,'34,0.0,shopify,deny,manual,804.00,1186.00,true,true,,,,,,https://cdn.shopify.com/s/files/1/0996/7245/7553/files/matelas-ferme-2-places-180x200-cm-las-vegas-en-mousse-a-memoire-de-forme-et-ressorts-ensaches-6788621.png?v=1772698772,2,Matelas ferme 2 places 180X200 cm LAS VEGAS en mousse à mémoire de forme et ressorts ensachés - TRUST INDUSTRIE - ,,,,,,,,,,,,,,,,,,,,,,,,,,,,,,,,,,,,,,,,,,,,,,,,,,,,,,,,,,,,,,,,,,,,,,,,,,,,,,,,,,,,,,,,,,,,,,,,,,,,,,,,,,,,,,,,,,,,,,,,,,,,,,,,,,,,,,,,,,,,,,,,,,,,,,,,,,,,,,,,,,,,,kg,,268.00,,,,
matelas-ferme-2-places-140x190-cm-las-vegas-mousse-a-memoire-de-forme-et-ressorts-ensaches,,,,,,,,,180 x 200 cm,,,,,,,,'34,0.0,shopify,deny,manual,874.00,1311.00,true,true,,,,,,,,,,,,,,,,,,,,,,,,,,,,,,,,,,,,,,,,,,,,,,,,,,,,,,,,,,,,,,,,,,,,,,,,,,,,,,,,,,,,,,,,,,,,,,,,,,,,,,,,,,,,,,,,,,,,,,,,,,,,,,,,,,,,,,,,,,,,,,,,,,,,,,,,,,,,,,,,,,,,,,,,,,,,,kg,,268.00,,,,
matelas-ferme-1-place-90x190-cm-las-vegas-mousse-a-memoire-de-forme-et-ressorts-ensaches,Matelas ferme 1 place 90X190 cm LAS VEGAS mousse à mémoire de forme et ressorts ensachés,,Trust Industrie,Furniture > Beds & Accessories > Mattresses > Memory Foam Mattresses,Matelas,"Europe, Livré roulé, Matelas",true,Title,Default Title,,,,,,,,'34,0.0,shopify,deny,manual,559.00,811.00,true,true,,,,,,https://cdn.shopify.com/s/files/1/0996/7245/7553/files/matelas-ferme-1-place-90x190-cm-las-vegas-mousse-a-memoire-de-forme-et-ressorts-ensaches-8291607.jpg?v=1772717595,1,Matelas ferme 1 place 90X190 cm LAS VEGAS mousse à mémoire de forme et ressorts ensachés - TRUST INDUSTRIE - ,false,Matelas 1 place 90X190 cm LAS VEGAS mémoire de forme,Retrouvez le matelas ferme 1 places 90X190 cm LAS VEGAS en mousse à mémoire de forme + ressorts ensachés. Fabriqué en Europe.,,,,,,,,,,,,Oui,,,,Matelas ferme 1 place 90X190 cm LAS VEGAS mousse à mémoire de forme et ressorts ensachés,,OEKO TEX,,,,,"Tissu 3D : circulation d’air maximale, évite l’humidité",,,,Tissu techno jacquard : esthétique et respirant,Viscose polyester : douceur et régulation thermique.,2 cm de mousse visco gel (60 kg/m³) : effet fraîcheur.,2 cm mousse HR (25 kg/m³) : soutien souple.,3 cm mousse viscoélastique HR (45 kg/m³) : mémoire de forme haut de gamme.,5 cm mousse HR (42 kg/m³) : soutien profond et durable.,17 cm – 1800 multi-ressorts ensachés : excellente indépendance de couchage.,1 cm fibre 1500g : grande respirabilité,1 cm mousse HR (30 kg/m³) : base stable et renforcée.,,,,,,Europe,,5 ans,Oui,,Aspirez régulièrement le matelas à l’aide d’un aspirateur muni d’un embout adapté afin d’éliminer poussières et acariens.,Oui,,,Oui,,Retrouvez le matelas ferme 1 places 90X190 cm LAS VEGAS en mousse à mémoire de forme + ressorts ensachés. Fabriqué en Europe.,Matelas 1 place 90X190 cm LAS VEGAS mémoire de forme,,,,1 place,,,,,,"Produits chimiques agressifs (javel, ammoniaque, solvants, détachants industriels).",,,,Non,,,,,,,,,,,Matelas ressorts ensachés,Matelas,,,"Mousse HR, Ressorts ensachés",,Optimale,,,Enveloppant,Ferme,,,,,,4.58 EUR,,,,,,,,,,,LAS VEGAS 90/190,,,,105x40x40 cm,,,,90 x 190 cm,,,,,32 cm,,,,,,,Excellente,,,,,190 cm,,,,,,90 cm,,1,50,,,,,,,,,,,,,,,,,,,,,,,kg,,196.00,true,,,active
matelas-ferme-1-place-90x190-cm-las-vegas-mousse-a-memoire-de-forme-et-ressorts-ensaches,,,,,,,,,,,,,,,,,,,,,,,,,,,,,,,https://cdn.shopify.com/s/files/1/0996/7245/7553/files/matelas-ferme-2-places-180x200-cm-las-vegas-en-mousse-a-memoire-de-forme-et-ressorts-ensaches-6788621.png?v=1772698772,2,Matelas ferme 2 places 180X200 cm LAS VEGAS en mousse à mémoire de forme et ressorts ensachés - TRUST INDUSTRIE - ,,,,,,,,,,,,,,,,,,,,,,,,,,,,,,,,,,,,,,,,,,,,,,,,,,,,,,,,,,,,,,,,,,,,,,,,,,,,,,,,,,,,,,,,,,,,,,,,,,,,,,,,,,,,,,,,,,,,,,,,,,,,,,,,,,,,,,,,,,,,,,,,,,,,,,,,,,,,,,,,,,,,,,,,,,,
matelas-mi-ferme-1-place-90x190-cm-sydney-en-mousse-polyurethane-et-ressorts-ensaches,Matelas mi-ferme 1 place 90X190 cm SYDNEY en mousse polyuréthane et ressorts ensachés,,Trust Industrie,Furniture > Beds & Accessories > Mattresses > Innerspring Mattresses,Matelas,"Europe, Livré roulé, Matelas",true,Title,Default Title,,,,,,,,'34,0.0,shopify,deny,manual,507.00,724.00,true,true,,,,,,https://cdn.shopify.com/s/files/1/0996/7245/7553/files/matelas-mi-ferme-1-place-90x190-cm-sydney-en-mousse-polyurethane-et-ressorts-ensaches-1661715.jpg?v=1772717594,1,Matelas mi - ferme 1 place 90X190 cm SYDNEY en mousse polyuréthane et ressorts ensachés - TRUST INDUSTRIE - ,false,Matelas 1 place 90X190 cm SYDNEY en mousse polyuréthane,Retrouvez le matelas mi-ferme 1 place 90X190 cm SYDNEY en mousse polyuréthane + ressorts ensachés. Livraison à domicile. Fabriqué en Europe.,,,,,,,,,,,,Oui,,,,Matelas mi-ferme 1 place 90X190 cm SYDNEY en mousse polyuréthane et ressorts ensachés,,OEKO TEX,,,,,Tissu 3D : ultra-respirant pour évacuer l’humidité.,,,,"Tissu techno jacquard : élégant, respirant et résistant.",Mousse super soft 2 cm (25 kg/m³) : accueil moelleux.,"Mousse polyuréthane 1,5 cm (23 kg/m³) : soutien léger.",Mousse super soft 2 cm (25 kg/m³) : soutien renforcé.,Mousse HR 5 cm (42 kg/m³) : soutien durable et confort profond.,"Mousse HR 5 cm (33 kg/m³) : soutien intermédiaire, équilibre et confort",Ressorts ensachés 15 cm – 860 ressorts : soutien morphologique.,Fibre tech 2 cm – 1500 g : grande respirabilité.,Fibre 1 cm – 200 g : finition respirante,,,,,,Europe,,5 ans,Oui,,Aspirez régulièrement le matelas à l’aide d’un aspirateur muni d’un embout adapté afin d’éliminer poussières et acariens.,Oui,,,Non,,Retrouvez le matelas mi-ferme 1 place 90X190 cm SYDNEY en mousse polyuréthane + ressorts ensachés. Livraison à domicile. Fabriqué en Europe.,Matelas 1 place 90X190 cm SYDNEY en mousse polyuréthane,,,,1 place,,,,,,"Produits chimiques agressifs (javel, ammoniaque, solvants, détachants industriels).",,,,Non,,,,,,,,,,,"Matelas mousse HR, Matelas ressorts ensachés",Matelas,,,"Mousse HR, Ressorts ensachés",,Optimale,,,Moelleux,Enveloppant,,,,,,4.58 EUR,,,,,,,,,,,SYDNEY 90/190,,,,105x40x40 cm,,,,90 x 190 cm,,,,,33 cm,,,,,,,Bonne,,,,,190 cm,,,,,,90 cm,,1,50,,,,,,,,,,,,,,,,,,,,,,,kg,,175.00,true,,,active
matelas-mi-ferme-1-place-90x190-cm-sydney-en-mousse-polyurethane-et-ressorts-ensaches,,,,,,,,,,,,,,,,,,,,,,,,,,,,,,,https://cdn.shopify.com/s/files/1/0996/7245/7553/files/matelas-mi-ferme-2-places-160x200-cm-sydney-en-mousse-polyurethane-et-ressorts-ensaches-9973355.png?v=1772701385,2,Matelas mi - ferme 2 places 160X200 cm SYDNEY en mousse polyuréthane et ressorts ensachés - TRUST INDUSTRIE - ,,,,,,,,,,,,,,,,,,,,,,,,,,,,,,,,,,,,,,,,,,,,,,,,,,,,,,,,,,,,,,,,,,,,,,,,,,,,,,,,,,,,,,,,,,,,,,,,,,,,,,,,,,,,,,,,,,,,,,,,,,,,,,,,,,,,,,,,,,,,,,,,,,,,,,,,,,,,,,,,,,,,,,,,,,,
matelas-mi-ferme-1-place-90x190-cm-sydney-en-mousse-polyurethane-et-ressorts-ensaches,,,,,,,,,,,,,,,,,,,,,,,,,,,,,,,https://cdn.shopify.com/s/files/1/0996/7245/7553/files/matelas-mi-ferme-2-places-160x200-cm-sydney-en-mousse-polyurethane-et-ressorts-ensaches-7705780.png?v=1772701385,3,Matelas mi - ferme 2 places 160X200 cm SYDNEY en mousse polyuréthane et ressorts ensachés - TRUST INDUSTRIE - ,,,,,,,,,,,,,,,,,,,,,,,,,,,,,,,,,,,,,,,,,,,,,,,,,,,,,,,,,,,,,,,,,,,,,,,,,,,,,,,,,,,,,,,,,,,,,,,,,,,,,,,,,,,,,,,,,,,,,,,,,,,,,,,,,,,,,,,,,,,,,,,,,,,,,,,,,,,,,,,,,,,,,,,,,,,
matelas-mi-ferme-2-places-140x190-cm-londres-en-mousse-polyurethane,Matelas mi-ferme 2 places LONDRES en mousse polyuréthane,,Trust Industrie,Furniture > Beds & Accessories > Mattresses > Memory Foam Mattresses,Matelas,"Europe, Livré roulé, Matelas",true,Dimensions,140 x 190 cm,,,,,,,,'34,0.0,shopify,deny,manual,471.00,784.00,true,true,,,,,,https://cdn.shopify.com/s/files/1/0996/7245/7553/files/matelas-mi-ferme-2-places-180x200-cm-londres-en-mousse-polyurethane-3200923.png?v=1772710815,1,Matelas mi - ferme 2 places 180X200 cm LONDRES en mousse polyuréthane - TRUST INDUSTRIE - ,false,Matelas 2 places140X190 cm LONDRES en mousse polyuréthane,Retrouvez le matelas mi-ferme 2 places 140X190 cm LONDRES en mousse polyuréthane. Livraison à domicile. Fabriqué en Europe.,,,,,,,,,,,,Oui,,,,Matelas mi-ferme 2 places 140X190 cm LONDRES en mousse polyuréthane,,OEKO TEX,,,,,,,,,"Tissu stretch 320g : doux, extensible et respirant",Surmatelas intégré 5 cm : moelleux et enveloppant,Mousse super soft : renforce le confort.,"Mousse 1,5 cm – 27 kg/m³ : légère et structurante.",Mousse polyuréthane 4 cm – 25 kg/m³ : soutien intermédiaire stable.,Mousse 17 cm – 27 kg/m³ : soutien principal dense et durable.,"Feutre Felsot 2 cm – 800g : renfort pour la base, absorbe les chocs",Fibre 4 cm – 200g : finition respirante pour le confort,Tissu 3D : ultra-respirant pour évacuer l'humidité.,,,,,,Europe,,5 ans,Oui,,Aspirez régulièrement le matelas à l’aide d’un aspirateur muni d’un embout adapté afin d’éliminer poussières et acariens.,Oui,,,Non,,Retrouvez le matelas mi-ferme LONDRES en mousse polyuréthane. Livraison à domicile. Fabriqué en Europe.,Matelas 2 places LONDRES en mousse polyuréthane,,,,2 places,,,,,,"Produits chimiques agressifs (javel, ammoniaque, solvants, détachants industriels).",,,,Non,,,,,,,,,,,Matelas mousse HR,Matelas,,,"Mousse HR, Mousse super soft",,Standard,,,Tonique,Ferme,,,,,,,,,,,,,,,,,LONDRES ,,,,,,,,,,,,,29 cm,,,,,,,Moyenne,,,,,,,,,,,,,,,,,,,,,,,,,,,,,,,,,,,,,kg,,153.00,true,,,active
matelas-mi-ferme-2-places-140x190-cm-londres-en-mousse-polyurethane,,,,,,,,,160 x 200 cm,,,,,,,,'34,0.0,shopify,deny,manual,513.00,856.00,true,true,,,,,,https://cdn.shopify.com/s/files/1/0996/7245/7553/files/matelas-mi-ferme-2-places-180x200-cm-londres-en-mousse-polyurethane-1814322.png?v=1772710815,2,Matelas mi - ferme 2 places 180X200 cm LONDRES en mousse polyuréthane - TRUST INDUSTRIE - ,,,,,,,,,,,,,,,,,,,,,,,,,,,,,,,,,,,,,,,,,,,,,,,,,,,,,,,,,,,,,,,,,,,,,,,,,,,,,,,,,,,,,,,,,,,,,,,,,,,,,,,,,,,,,,,,,,,,,,,,,,,,,,,,,,,,,,,,,,,,,,,,,,,,,,,,,,,,,,,,,,,,,kg,,153.00,,,,
matelas-mi-ferme-2-places-140x190-cm-londres-en-mousse-polyurethane,,,,,,,,,180 x 200cm,,,,,,,,'34,0.0,shopify,deny,manual,556.00,927.00,true,true,,,,,,,,,,,,,,,,,,,,,,,,,,,,,,,,,,,,,,,,,,,,,,,,,,,,,,,,,,,,,,,,,,,,,,,,,,,,,,,,,,,,,,,,,,,,,,,,,,,,,,,,,,,,,,,,,,,,,,,,,,,,,,,,,,,,,,,,,,,,,,,,,,,,,,,,,,,,,,,,,,,,,,,,,,,,,kg,,153.00,,,,
matelas-mi-ferme-1-place-90x190-cm-londres-en-mousse-polyurethane,Matelas mi-ferme 1 place 90X190 cm LONDRES en mousse polyuréthane,,Trust Industrie,Furniture > Beds & Accessories > Mattresses > Memory Foam Mattresses,Matelas,"Europe, Livré roulé, Matelas",true,Title,Default Title,,,,,,,,'34,0.0,shopify,deny,manual,256.00,427.00,true,true,,,,,,https://cdn.shopify.com/s/files/1/0996/7245/7553/files/matelas-mi-ferme-1-place-90x190-cm-londres-en-mousse-polyurethane-9824483.png?v=1772717597,1,Matelas mi - ferme 1 place 90X190 cm LONDRES en mousse polyuréthane - TRUST INDUSTRIE - ,false,Matelas 1 place 90X190 cm LONDRES en mousse polyuréthane,Retrouvez le matelas mi-ferme 1 place 90X190 cm LONDRES en mousse polyuréthane. Livraison à domicile. Fabriqué en Europe.,,,,,,,,,,,,Oui,,,,Matelas mi-ferme 1 place 90X190 cm LONDRES en mousse polyuréthane,,OEKO TEX,,,,,,,,,"Tissu stretch 320g : doux, extensible et respirant",Surmatelas intégré 5 cm : moelleux et enveloppant,Mousse super soft : renforce le confort.,"Mousse 1,5 cm – 27 kg/m³ : légère et structurante.",Mousse polyuréthane 4 cm – 25 kg/m³ : soutien intermédiaire stable.,Mousse 17 cm – 27 kg/m³ : soutien principal dense et durable.,"Feutre Felsot 2 cm – 800g : renfort pour la base, absorbe les chocs",Fibre 4 cm – 200g : finition respirante pour le confort,Tissu 3D : ultra-respirant pour évacuer l'humidité.,,,,,,Europe,,5 ans,Oui,,Aspirez régulièrement le matelas à l’aide d’un aspirateur muni d’un embout adapté afin d’éliminer poussières et acariens.,Oui,,,Non,,Retrouvez le matelas mi-ferme 1 place 90X190 cm LONDRES en mousse polyuréthane. Livraison à domicile. Fabriqué en Europe.,Matelas 1 place 90X190 cm LONDRES en mousse polyuréthane,,,,1 place,,,,,,"Produits chimiques agressifs (javel, ammoniaque, solvants, détachants industriels).",,,,Non,,,,,,,,,,,Matelas mousse HR,Matelas,,,"Mousse HR, Mousse super soft",,Standard,,,Tonique,Ferme,,,,,,4.58 EUR,,,,,,,,,,,LONDRES 90/190,,,,105x40x40 cm,,,,90 x 190 cm,,,,,29 cm,,,,,,,Moyenne,,,,,190 cm,,,,,,90 cm,,1,50,,,,,,,,,,,,,,,,,,,,,,,kg,,112.00,true,,,active
matelas-mi-ferme-1-place-90x190-cm-londres-en-mousse-polyurethane,,,,,,,,,,,,,,,,,,,,,,,,,,,,,,,https://cdn.shopify.com/s/files/1/0996/7245/7553/files/matelas-mi-ferme-2-places-180x200-cm-londres-en-mousse-polyurethane-1814322.png?v=1772710815,2,Matelas mi - ferme 2 places 180X200 cm LONDRES en mousse polyuréthane - TRUST INDUSTRIE - ,,,,,,,,,,,,,,,,,,,,,,,,,,,,,,,,,,,,,,,,,,,,,,,,,,,,,,,,,,,,,,,,,,,,,,,,,,,,,,,,,,,,,,,,,,,,,,,,,,,,,,,,,,,,,,,,,,,,,,,,,,,,,,,,,,,,,,,,,,,,,,,,,,,,,,,,,,,,,,,,,,,,,,,,,,,
matelas-mi-ferme-2-places-140x190-cm-dubai-en-mousse-et-ressorts-ensaches,Matelas mi-ferme 2 places DUBAI en mousse et ressorts ensachés,,Trust Industrie,Furniture > Beds & Accessories > Mattresses > Innerspring Mattresses,Matelas,"Europe, Matelas",true,Dimensions,140 x 190 cm,,,,,,,,'34,0.0,shopify,deny,manual,1137.00,1624.00,true,true,,,,,,https://cdn.shopify.com/s/files/1/0996/7245/7553/files/matelas-mi-ferme-2-places-180x200-cm-dubai-en-mousse-et-ressorts-ensaches-1470657.png?v=1771474724,1,Matelas mi - ferme 2 places 180X200 cm DUBAI en mousse et ressorts ensachés - TRUST INDUSTRIE - ,false,Matelas 2 places 140X190 cm DUBAI mi-ferme ressorts ensachés,Retrouvez le matelas mi-ferme 2 places 140X190 cm DUBAI en mousse + ressorts ensachés. Livraison à domicile. Fabriqué en Europe.,2696,,,,,,,,,,,Oui,,,,Matelas mi-ferme 2 places 140X190 cm DUBAI en mousse et ressorts ensachés,,OEKO TEX,,,,,"Tissu 3D : ultra-respirant, évacue l’humidité et favorise la ventilation.",,,,"Tissu techno jacquard : élégant, respirant et résistant.",Viscose polyester : douceur et régulation thermique.,Mousse visco gel 2cm visco gel 60kg/m3: effet fraîcheur et confort moelleux.,Mousse 2cm mousse Hr 25kg : soutien léger et équilibré.,Mousse viscoélastique HR 3 cm : mémoire de forme haut de gamme.,Mousse HR 5 cm : soutien profond et durable.,Ressorts ensachés 17 cm – 1800 ressorts : excellente indépendance de couchage.,Fibre 1 cm 500gr : respirabilité optimale,Mousse 1cm mousse HR 30kg/m3 : base stable et renforcée.,,,,,,Europe,,5 ans,Oui,,Aspirez régulièrement le matelas à l’aide d’un aspirateur muni d’un embout adapté afin d’éliminer poussières et acariens.,Non,,,Oui,,Retrouvez le matelas mi-ferme 2 places 140X190 cm DUBAI en mousse + ressorts ensachés. Livraison à domicile. Fabriqué en Europe.,Matelas 2 places 140X190 cm DUBAI mi-ferme ressorts ensachés,,,,2 places,,,,,,"Produits chimiques agressifs (javel, ammoniaque, solvants, détachants industriels).",,,,Non,,,,,,,,,,,Matelas ressorts ensachés,Matelas,,,"Mousse HR, Ressorts ensachés",,Optimale,,,Moelleux,Enveloppant,,,,,,12.50 EUR,,,,,,,,,,,DUBAI ,,,,,,,,,,,,,,,,,,,,Excellente,,,,,,,,,,,,,,,,,,,,,,,,,,,,,,,,,,,,,kg,,313.00,true,,,active
matelas-mi-ferme-2-places-140x190-cm-dubai-en-mousse-et-ressorts-ensaches,,,,,,,,,160 x 200 cm,,,,,,,,'34,0.0,shopify,deny,manual,1312.00,1874.00,true,true,,,,,,https://cdn.shopify.com/s/files/1/0996/7245/7553/files/matelas-mi-ferme-2-places-180x200-cm-dubai-en-mousse-et-ressorts-ensaches-1338951.png?v=1772706232,2,Matelas mi - ferme 2 places 180X200 cm DUBAI en mousse et ressorts ensachés - TRUST INDUSTRIE - ,,,,,,,,,,,,,,,,,,,,,,,,,,,,,,,,,,,,,,,,,,,,,,,,,,,,,,,,,,,,,,,,,,,,,,,,,,,,,,,,,,,,,,,,,,,,,,,,,,,,,,,,,,,,,,,,,,,,,,,,,,,,,,,,,,,,,,,,,,,,,,,,,,,,,,,,,,,,,,,,,,,,,kg,,313.00,,,,
matelas-mi-ferme-2-places-140x190-cm-dubai-en-mousse-et-ressorts-ensaches,,,,,,,,,180 x 200 cm,,,,,,,,'34,0.0,shopify,deny,manual,1487.00,2124.00,true,true,,,,,,https://cdn.shopify.com/s/files/1/0996/7245/7553/files/matelas-mi-ferme-2-places-180x200-cm-dubai-en-mousse-et-ressorts-ensaches-1545063.webp?v=1772706232,3,Matelas mi - ferme 2 places 180X200 cm DUBAI en mousse et ressorts ensachés - TRUST INDUSTRIE - ,,,,,,,,,,,,,,,,,,,,,,,,,,,,,,,,,,,,,,,,,,,,,,,,,,,,,,,,,,,,,,,,,,,,,,,,,,,,,,,,,,,,,,,,,,,,,,,,,,,,,,,,,,,,,,,,,,,,,,,,,,,,,,,,,,,,,,,,,,,,,,,,,,,,,,,,,,,,,,,,,,,,,kg,,313.00,,,,
matelas-mi-ferme-2-places-140x190-cm-dubai-en-mousse-et-ressorts-ensaches,,,,,,,,,,,,,,,,,,,,,,,,,,,,,,,https://cdn.shopify.com/s/files/1/0996/7245/7553/files/matelas-mi-ferme-2-places-180x200-cm-dubai-en-mousse-et-ressorts-ensaches-4417234.png?v=1771474724,4,Matelas mi - ferme 2 places 180X200 cm DUBAI en mousse et ressorts ensachés - TRUST INDUSTRIE - ,,,,,,,,,,,,,,,,,,,,,,,,,,,,,,,,,,,,,,,,,,,,,,,,,,,,,,,,,,,,,,,,,,,,,,,,,,,,,,,,,,,,,,,,,,,,,,,,,,,,,,,,,,,,,,,,,,,,,,,,,,,,,,,,,,,,,,,,,,,,,,,,,,,,,,,,,,,,,,,,,,,,,,,,,,,
matelas-mi-ferme-2-places-140x190-cm-dubai-en-mousse-et-ressorts-ensaches,,,,,,,,,,,,,,,,,,,,,,,,,,,,,,,https://cdn.shopify.com/s/files/1/0996/7245/7553/files/matelas-mi-ferme-2-places-180x200-cm-dubai-en-mousse-et-ressorts-ensaches-7548862.png?v=1772706232,5,Matelas mi - ferme 2 places 180X200 cm DUBAI en mousse et ressorts ensachés - TRUST INDUSTRIE - ,,,,,,,,,,,,,,,,,,,,,,,,,,,,,,,,,,,,,,,,,,,,,,,,,,,,,,,,,,,,,,,,,,,,,,,,,,,,,,,,,,,,,,,,,,,,,,,,,,,,,,,,,,,,,,,,,,,,,,,,,,,,,,,,,,,,,,,,,,,,,,,,,,,,,,,,,,,,,,,,,,,,,,,,,,,
matelas-mi-ferme-2-places-140x190-cm-dubai-en-mousse-et-ressorts-ensaches,,,,,,,,,,,,,,,,,,,,,,,,,,,,,,,https://cdn.shopify.com/s/files/1/0996/7245/7553/files/matelas-mi-ferme-2-places-180x200-cm-dubai-en-mousse-et-ressorts-ensaches-4923053.png?v=1772706232,6,Matelas mi - ferme 2 places 180X200 cm DUBAI en mousse et ressorts ensachés - TRUST INDUSTRIE - ,,,,,,,,,,,,,,,,,,,,,,,,,,,,,,,,,,,,,,,,,,,,,,,,,,,,,,,,,,,,,,,,,,,,,,,,,,,,,,,,,,,,,,,,,,,,,,,,,,,,,,,,,,,,,,,,,,,,,,,,,,,,,,,,,,,,,,,,,,,,,,,,,,,,,,,,,,,,,,,,,,,,,,,,,,,
matelas-mi-ferme-2-places-140x190-cm-dubai-en-mousse-et-ressorts-ensaches,,,,,,,,,,,,,,,,,,,,,,,,,,,,,,,https://cdn.shopify.com/s/files/1/0996/7245/7553/files/matelas-mi-ferme-2-places-180x200-cm-dubai-en-mousse-et-ressorts-ensaches-2767957.png?v=1772706232,7,Matelas mi - ferme 2 places 180X200 cm DUBAI en mousse et ressorts ensachés - TRUST INDUSTRIE - ,,,,,,,,,,,,,,,,,,,,,,,,,,,,,,,,,,,,,,,,,,,,,,,,,,,,,,,,,,,,,,,,,,,,,,,,,,,,,,,,,,,,,,,,,,,,,,,,,,,,,,,,,,,,,,,,,,,,,,,,,,,,,,,,,,,,,,,,,,,,,,,,,,,,,,,,,,,,,,,,,,,,,,,,,,,
matelas-moelleux-2-places-140x190-cm-singapour-en-mousse-polyurethane-et-ressorts-ensaches,Matelas moelleux 2 places SINGAPOUR en mousse polyuréthane et ressorts ensachés,,Trust Industrie,Furniture > Beds & Accessories > Mattresses > High Resilience Foam Mattresses,Matelas,"Europe, Livré roulé, Matelas",true,Dimensions ,140 x 190 cm,,,,,,,,'34,0.0,shopify,deny,manual,612.00,874.00,true,true,,,,,,https://cdn.shopify.com/s/files/1/0996/7245/7553/files/matelas-moelleux-2-places-180x200-cm-singapour-en-mousse-polyurethane-et-ressorts-ensaches-3945004.png?v=1771474721,1,Matelas moelleux 2 places 180X200 cm SINGAPOUR en mousse polyuréthane et ressorts ensachés - TRUST INDUSTRIE - ,false,Matelas 2 places 140X190 cm SINGAPOUR ressorts ensachés,Retrouvez le matelas moelleux 2 places 140X190 cm SINGAPOUR en mousse + ressorts ensachés. Livraison à domicile. Fabriqué en Europe.,2696,,,,,,,,,,,Oui,,,,Matelas moelleux 2 places SINGAPOUR en mousse polyuréthane et ressorts ensachés,,OEKO TEX,,,,,Tissu 3D sur le dessous pour une ventilation continue.,,,,Tissu 320g doux et résistant.,Mousse super soft 2 cm (25 kg/mª) pour un accueil moelleux,Visco élastique 1 cm (45 kg/m3) pour un effet mémoire de forme,"Mousse polyuréthane 1,5 cm (23 kg/m3) : soutien doux",Mousse polyuréthane 2 cm (28 kg/m3) : soutien renforcé.,Mousse Haute Résilience 5 cm (42 kg/m3) : soutien durable et confort profond.,Ressorts ensachés 17 cm - 860 ressorts : indépendance de couchage,Mousse polyuréthane 2 cm (27 kg/m3) pour un soutien stable.,Fibre 1 cm - 200g pour une finition respirante,,,,,,Europe,,5 ans,Oui,,Aspirez régulièrement le matelas à l’aide d’un aspirateur muni d’un embout adapté afin d’éliminer poussières et acariens.,Oui,,,Oui,,Retrouvez le matelas moelleux 2 places SINGAPOUR en mousse + ressorts ensachés. Livraison à domicile. Fabriqué en Europe.,Matelas 2 places SINGAPOUR ressorts ensachés,,,,2 places,,,,,,"Produits chimiques agressifs (javel, ammoniaque, solvants, détachants industriels).",,,,Non,,,,,,,,,,,Matelas ressorts ensachés,Matelas,,,"Mousse polyuréthane, Mousse viscoélastique, Ressorts ensachés",,Optimale,,,Moelleux,Ferme,,,,,,12.50 EUR,,,,,,,,,,,SINGAPOUR,,,,,,,,,,,,,,,,,,,,Excellente,,,,,,,,,,,,,,,,,,,,,,,,,,,,,,,,,,,,,kg,,204.00,true,,,active
matelas-moelleux-2-places-140x190-cm-singapour-en-mousse-polyurethane-et-ressorts-ensaches,,,,,,,,,160 x 200 cm,,,,,,,,'34,0.0,shopify,deny,manual,655.00,936.00,true,true,,,,,,https://cdn.shopify.com/s/files/1/0996/7245/7553/files/matelas-moelleux-2-places-180x200-cm-singapour-en-mousse-polyurethane-et-ressorts-ensaches-1169004.png?v=1772706463,2,Matelas moelleux 2 places 180X200 cm SINGAPOUR en mousse polyuréthane et ressorts ensachés - TRUST INDUSTRIE - ,,,,,,,,,,,,,,,,,,,,,,,,,,,,,,,,,,,,,,,,,,,,,,,,,,,,,,,,,,,,,,,,,,,,,,,,,,,,,,,,,,,,,,,,,,,,,,,,,,,,,,,,,,,,,,,,,,,,,,,,,,,,,,,,,,,,,,,,,,,,,,,,,,,,,,,,,,,,,,,,,,,,,kg,,204.00,,,,
matelas-moelleux-2-places-140x190-cm-singapour-en-mousse-polyurethane-et-ressorts-ensaches,,,,,,,,,180 x 200 cm,,,,,,,,'34,0.0,shopify,deny,manual,699.00,999.00,true,true,,,,,,https://cdn.shopify.com/s/files/1/0996/7245/7553/files/matelas-moelleux-2-places-180x200-cm-singapour-en-mousse-polyurethane-et-ressorts-ensaches-7307103.png?v=1772706463,3,Matelas moelleux 2 places 180X200 cm SINGAPOUR en mousse polyuréthane et ressorts ensachés - TRUST INDUSTRIE - ,,,,,,,,,,,,,,,,,,,,,,,,,,,,,,,,,,,,,,,,,,,,,,,,,,,,,,,,,,,,,,,,,,,,,,,,,,,,,,,,,,,,,,,,,,,,,,,,,,,,,,,,,,,,,,,,,,,,,,,,,,,,,,,,,,,,,,,,,,,,,,,,,,,,,,,,,,,,,,,,,,,,,kg,,204.00,,,,
matelas-moelleux-2-places-140x190-cm-singapour-en-mousse-polyurethane-et-ressorts-ensaches,,,,,,,,,,,,,,,,,,,,,,,,,,,,,,,https://cdn.shopify.com/s/files/1/0996/7245/7553/files/matelas-moelleux-2-places-180x200-cm-singapour-en-mousse-polyurethane-et-ressorts-ensaches-6454171.png?v=1772706463,4,Matelas moelleux 2 places 180X200 cm SINGAPOUR en mousse polyuréthane et ressorts ensachés - TRUST INDUSTRIE - ,,,,,,,,,,,,,,,,,,,,,,,,,,,,,,,,,,,,,,,,,,,,,,,,,,,,,,,,,,,,,,,,,,,,,,,,,,,,,,,,,,,,,,,,,,,,,,,,,,,,,,,,,,,,,,,,,,,,,,,,,,,,,,,,,,,,,,,,,,,,,,,,,,,,,,,,,,,,,,,,,,,,,,,,,,,
matelas-moelleux-2-places-140x190-cm-singapour-en-mousse-polyurethane-et-ressorts-ensaches,,,,,,,,,,,,,,,,,,,,,,,,,,,,,,,https://cdn.shopify.com/s/files/1/0996/7245/7553/files/matelas-moelleux-2-places-180x200-cm-singapour-en-mousse-polyurethane-et-ressorts-ensaches-9083223.png?v=1772706463,5,Matelas moelleux 2 places 180X200 cm SINGAPOUR en mousse polyuréthane et ressorts ensachés - TRUST INDUSTRIE - ,,,,,,,,,,,,,,,,,,,,,,,,,,,,,,,,,,,,,,,,,,,,,,,,,,,,,,,,,,,,,,,,,,,,,,,,,,,,,,,,,,,,,,,,,,,,,,,,,,,,,,,,,,,,,,,,,,,,,,,,,,,,,,,,,,,,,,,,,,,,,,,,,,,,,,,,,,,,,,,,,,,,,,,,,,,
matelas-moelleux-2-places-140x190-cm-singapour-en-mousse-polyurethane-et-ressorts-ensaches,,,,,,,,,,,,,,,,,,,,,,,,,,,,,,,https://cdn.shopify.com/s/files/1/0996/7245/7553/files/matelas-moelleux-2-places-180x200-cm-singapour-en-mousse-polyurethane-et-ressorts-ensaches-3791955.png?v=1772706463,6,Matelas moelleux 2 places 180X200 cm SINGAPOUR en mousse polyuréthane et ressorts ensachés - TRUST INDUSTRIE - ,,,,,,,,,,,,,,,,,,,,,,,,,,,,,,,,,,,,,,,,,,,,,,,,,,,,,,,,,,,,,,,,,,,,,,,,,,,,,,,,,,,,,,,,,,,,,,,,,,,,,,,,,,,,,,,,,,,,,,,,,,,,,,,,,,,,,,,,,,,,,,,,,,,,,,,,,,,,,,,,,,,,,,,,,,,
matelas-moelleux-1-place-90x190-cm-singapour-en-mousse-polyurethane-et-ressorts-ensaches,Matelas moelleux 1 place 90X190 cm SINGAPOUR en mousse polyuréthane et ressorts ensachés,,Trust Industrie,Furniture > Beds & Accessories > Mattresses > High Resilience Foam Mattresses,Matelas,"Europe, Livré roulé, Matelas",true,Title,Default Title,,,,,,,,'34,0.0,shopify,deny,manual,480.00,686.00,true,true,,,,,,https://cdn.shopify.com/s/files/1/0996/7245/7553/files/matelas-moelleux-1-place-90x190-cm-singapour-en-mousse-polyurethane-et-ressorts-ensaches-3464185.jpg?v=1772717598,1,Matelas moelleux 1 place 90X190 cm SINGAPOUR en mousse polyuréthane et ressorts ensachés - TRUST INDUSTRIE - ,false,Matelas 1 place 90X190 cm SINGAPOUR ressorts ensachés,Retrouvez le matelas moelleux 1 place 90X190 cm SINGAPOUR en mousse + ressorts ensachés. Livraison à domicile. Fabriqué en Europe.,2696,,,,,,,,,,,Oui,,,,Matelas moelleux 1 place 90X190 cm SINGAPOUR en mousse polyuréthane et ressorts ensachés,,OEKO TEX,,,,,Tissu 3D sur le dessous pour une ventilation continue.,,,,Tissu 320g doux et résistant.,Mousse super soft 2 cm (25 kg/mª) pour un accueil moelleux,Visco élastique 1 cm (45 kg/m3) pour un effet mémoire de forme,"Mousse polyuréthane 1,5 cm (23 kg/m3) : soutien doux",Mousse polyuréthane 2 cm (28 kg/m3) : soutien renforcé.,Mousse Haute Résilience 5 cm (42 kg/m3) : soutien durable et confort profond.,Ressorts ensachés 17 cm - 860 ressorts : indépendance de couchage,Mousse polyuréthane 2 cm (27 kg/m3) pour un soutien stable.,Fibre 1 cm - 200g pour une finition respirante,,,,,,Europe,,5 ans,Oui,,Aspirez régulièrement le matelas à l’aide d’un aspirateur muni d’un embout adapté afin d’éliminer poussières et acariens.,Oui,,,Oui,,Retrouvez le matelas moelleux 1 place 90X190 cm SINGAPOUR en mousse + ressorts ensachés. Livraison à domicile. Fabriqué en Europe.,Matelas 1 place 90X190 cm SINGAPOUR ressorts ensachés,,,,1 place,,,,,,"Produits chimiques agressifs (javel, ammoniaque, solvants, détachants industriels).",,,,Non,,,,,,,,,,,Matelas ressorts ensachés,Matelas,,,"Mousse polyuréthane, Mousse viscoélastique, Ressorts ensachés",,Optimale,,,Moelleux,Ferme,,,,,,4.58 EUR,,,,,,,,,,,SINGAPOUR 90/190,,,,105x40x40 cm,,,,90 x 190 cm,,,,,30 cm,,,,,,,Excellente,,,,,190 cm,,,,,,90 cm,,1,50,,,,,,,,,,,,,,,,,,,,,,,kg,,155.00,true,,,active
matelas-moelleux-1-place-90x190-cm-singapour-en-mousse-polyurethane-et-ressorts-ensaches,,,,,,,,,,,,,,,,,,,,,,,,,,,,,,,https://cdn.shopify.com/s/files/1/0996/7245/7553/files/matelas-moelleux-2-places-180x200-cm-singapour-en-mousse-polyurethane-et-ressorts-ensaches-1169004.png?v=1772706463,2,Matelas moelleux 2 places 180X200 cm SINGAPOUR en mousse polyuréthane et ressorts ensachés - TRUST INDUSTRIE - ,,,,,,,,,,,,,,,,,,,,,,,,,,,,,,,,,,,,,,,,,,,,,,,,,,,,,,,,,,,,,,,,,,,,,,,,,,,,,,,,,,,,,,,,,,,,,,,,,,,,,,,,,,,,,,,,,,,,,,,,,,,,,,,,,,,,,,,,,,,,,,,,,,,,,,,,,,,,,,,,,,,,,,,,,,,
matelas-moelleux-1-place-90x190-cm-singapour-en-mousse-polyurethane-et-ressorts-ensaches,,,,,,,,,,,,,,,,,,,,,,,,,,,,,,,https://cdn.shopify.com/s/files/1/0996/7245/7553/files/matelas-moelleux-2-places-180x200-cm-singapour-en-mousse-polyurethane-et-ressorts-ensaches-7307103.png?v=1772706463,3,Matelas moelleux 2 places 180X200 cm SINGAPOUR en mousse polyuréthane et ressorts ensachés - TRUST INDUSTRIE - ,,,,,,,,,,,,,,,,,,,,,,,,,,,,,,,,,,,,,,,,,,,,,,,,,,,,,,,,,,,,,,,,,,,,,,,,,,,,,,,,,,,,,,,,,,,,,,,,,,,,,,,,,,,,,,,,,,,,,,,,,,,,,,,,,,,,,,,,,,,,,,,,,,,,,,,,,,,,,,,,,,,,,,,,,,,
matelas-moelleux-1-place-90x190-cm-singapour-en-mousse-polyurethane-et-ressorts-ensaches,,,,,,,,,,,,,,,,,,,,,,,,,,,,,,,https://cdn.shopify.com/s/files/1/0996/7245/7553/files/matelas-moelleux-2-places-180x200-cm-singapour-en-mousse-polyurethane-et-ressorts-ensaches-6454171.png?v=1772706463,4,Matelas moelleux 2 places 180X200 cm SINGAPOUR en mousse polyuréthane et ressorts ensachés - TRUST INDUSTRIE - ,,,,,,,,,,,,,,,,,,,,,,,,,,,,,,,,,,,,,,,,,,,,,,,,,,,,,,,,,,,,,,,,,,,,,,,,,,,,,,,,,,,,,,,,,,,,,,,,,,,,,,,,,,,,,,,,,,,,,,,,,,,,,,,,,,,,,,,,,,,,,,,,,,,,,,,,,,,,,,,,,,,,,,,,,,,
matelas-moelleux-1-place-90x190-cm-singapour-en-mousse-polyurethane-et-ressorts-ensaches,,,,,,,,,,,,,,,,,,,,,,,,,,,,,,,https://cdn.shopify.com/s/files/1/0996/7245/7553/files/matelas-moelleux-2-places-180x200-cm-singapour-en-mousse-polyurethane-et-ressorts-ensaches-9083223.png?v=1772706463,5,Matelas moelleux 2 places 180X200 cm SINGAPOUR en mousse polyuréthane et ressorts ensachés - TRUST INDUSTRIE - ,,,,,,,,,,,,,,,,,,,,,,,,,,,,,,,,,,,,,,,,,,,,,,,,,,,,,,,,,,,,,,,,,,,,,,,,,,,,,,,,,,,,,,,,,,,,,,,,,,,,,,,,,,,,,,,,,,,,,,,,,,,,,,,,,,,,,,,,,,,,,,,,,,,,,,,,,,,,,,,,,,,,,,,,,,,
matelas-moelleux-1-place-90x190-cm-singapour-en-mousse-polyurethane-et-ressorts-ensaches,,,,,,,,,,,,,,,,,,,,,,,,,,,,,,,https://cdn.shopify.com/s/files/1/0996/7245/7553/files/matelas-moelleux-2-places-180x200-cm-singapour-en-mousse-polyurethane-et-ressorts-ensaches-3791955.png?v=1772706463,6,Matelas moelleux 2 places 180X200 cm SINGAPOUR en mousse polyuréthane et ressorts ensachés - TRUST INDUSTRIE - ,,,,,,,,,,,,,,,,,,,,,,,,,,,,,,,,,,,,,,,,,,,,,,,,,,,,,,,,,,,,,,,,,,,,,,,,,,,,,,,,,,,,,,,,,,,,,,,,,,,,,,,,,,,,,,,,,,,,,,,,,,,,,,,,,,,,,,,,,,,,,,,,,,,,,,,,,,,,,,,,,,,,,,,,,,,
matelas-mi-ferme-2-places-140x190-cm-barcelone-en-mousse-et-ressorts-ensaches,Matelas mi-ferme 2 places BARCELONE en mousse et ressorts ensachés,,Trust Industrie,Furniture > Beds & Accessories > Mattresses > Innerspring Mattresses,Matelas,"Europe, Livré roulé, Matelas",true,Dimensions,140 x 190 cm,,,,,,,,'34,0.0,shopify,deny,manual,513.00,856.00,true,true,,,,,,https://cdn.shopify.com/s/files/1/0996/7245/7553/files/matelas-mi-ferme-2-places-180x200-cm-barcelone-en-mousse-et-ressorts-ensaches-8281127.png?v=1771474717,1,Matelas mi - ferme 2 places 180X200 cm BARCELONE en mousse et ressorts ensachés - TRUST INDUSTRIE - ,false,Matelas 2 places 140X190 cm BARCELONE ressorts ensachés,Retrouvez le matelas mi-ferme 2 places 140X190 cm BARCELONE en mousse + ressorts ensachés. Livraison à domicile. Fabriqué en Europe.,,,,,,,,,,,,Oui,,,,Matelas mi-ferme 2 places BARCELONE en mousse et ressorts ensachés,,OEKO TEX,,,,,,,,,"Tissu stretch 320 g : doux, extensible, respirant","Fibre 1,5 cm – 200 g : légère et aérée pour un confort initial.","Mousse viscoélastique 1,5 cm (45 kg/m³) : mémoire de forme.","Mousse super soft 2 cm (25 kg/m³) : moelleuse, améliore la sensation de cocon.",Mousse HR 2 cm (27 kg/m³) : soutien souple intermédiaire.,Mousse HR 4 cm (30 kg/m³) : soutien profond et ferme,Ressorts ensachés 17 cm – 860 ressorts : excellente indépendance de couchage.,Fibre 1 cm – 200 g : finition intérieure pour circulation de l’air.,"Tissu 3D : respirant, évacue l’humidité et favorise la ventilation.",,,,,,Europe,,5 ans,Oui,,Aspirez régulièrement le matelas à l’aide d’un aspirateur muni d’un embout adapté afin d’éliminer poussières et acariens.,Oui,,,Non,,Retrouvez le matelas mi-ferme 2 places BARCELONE en mousse + ressorts ensachés. Livraison à domicile. Fabriqué en Europe.,Matelas 2 places BARCELONE ressorts ensachés,,,,2 places,,,,,,"Produits chimiques agressifs (javel, ammoniaque, solvants, détachants industriels).",,,,Non,,,,,,,,,,,Matelas ressorts ensachés,Matelas,,,"Mousse HR, Ressorts ensachés, Mousse viscoélastique",,Standard,,,Tonique,Ferme,,,,,,9.17 EUR,,,,,,,,,,,BARCELONE ,,,,,,,,,,,,,,,,,,,,Excellente,,,,,,,,,,,,,,,,,,,,,,,,,,,,,,,,,,,,,kg,,169.00,true,,,active
matelas-mi-ferme-2-places-140x190-cm-barcelone-en-mousse-et-ressorts-ensaches,,,,,,,,,160 x 200 cm,,,,,,,,'34,0.0,shopify,deny,manual,557.00,929.00,true,true,,,,,,https://cdn.shopify.com/s/files/1/0996/7245/7553/files/matelas-mi-ferme-2-places-180x200-cm-barcelone-en-mousse-et-ressorts-ensaches-4850031.png?v=1772706918,2,Matelas mi - ferme 2 places 180X200 cm BARCELONE en mousse et ressorts ensachés - TRUST INDUSTRIE - ,,,,,,,,,,,,,,,,,,,,,,,,,,,,,,,,,,,,,,,,,,,,,,,,,,,,,,,,,,,,,,,,,,,,,,,,,,,,,,,,,,,,,,,,,,,,,,,,,,,,,,,,,,,,,,,,,,,,,,,,,,,,,,,,,,,,,,,,,,,,,,,,,,,,,,,,,,,,,,,,,,,,,kg,,169.00,,,,
matelas-mi-ferme-2-places-140x190-cm-barcelone-en-mousse-et-ressorts-ensaches,,,,,,,,,180 x 200 cm,,,,,,,,'34,0.0,shopify,deny,manual,599.00,999.00,true,true,,,,,,https://cdn.shopify.com/s/files/1/0996/7245/7553/files/matelas-mi-ferme-2-places-180x200-cm-barcelone-en-mousse-et-ressorts-ensaches-9880902.png?v=1772706918,3,Matelas mi - ferme 2 places 180X200 cm BARCELONE en mousse et ressorts ensachés - TRUST INDUSTRIE - ,,,,,,,,,,,,,,,,,,,,,,,,,,,,,,,,,,,,,,,,,,,,,,,,,,,,,,,,,,,,,,,,,,,,,,,,,,,,,,,,,,,,,,,,,,,,,,,,,,,,,,,,,,,,,,,,,,,,,,,,,,,,,,,,,,,,,,,,,,,,,,,,,,,,,,,,,,,,,,,,,,,,,kg,,169.00,,,,
matelas-mi-ferme-1-place-90x190-cm-barcelone-en-mousse-et-ressorts-ensaches,Matelas mi-ferme 1 place 90X190 cm BARCELONE en mousse et ressorts ensachés,,Trust Industrie,Furniture > Beds & Accessories > Mattresses > Innerspring Mattresses,Matelas,"Europe, Livré roulé, Matelas",true,Title,Default Title,,,,,,,,'34,0.0,shopify,deny,manual,342.00,570.00,true,true,,,,,,https://cdn.shopify.com/s/files/1/0996/7245/7553/files/matelas-mi-ferme-1-place-90x190-cm-barcelone-en-mousse-et-ressorts-ensaches-1264817.jpg?v=1772717597,1,Matelas mi - ferme 1 place 90X190 cm BARCELONE en mousse et ressorts ensachés - TRUST INDUSTRIE - ,false,Matelas 2 places 90X190 cm BARCELONE ressorts ensachés,Retrouvez le matelas mi-ferme 1 place 90X190 cm BARCELONE en mousse + ressorts ensachés. Livraison à domicile. Fabriqué en Europe.,,,,,,,,,,,,Oui,,,,Matelas mi-ferme 1 place 90X190 cm BARCELONE en mousse et ressorts ensachés,,OEKO TEX,,,,,,,,,"Tissu stretch 320 g : doux, extensible, respirant","Fibre 1,5 cm – 200 g : légère et aérée pour un confort initial.","Mousse viscoélastique 1,5 cm (45 kg/m³) : mémoire de forme.","Mousse super soft 2 cm (25 kg/m³) : moelleuse, améliore la sensation de cocon.",Mousse HR 2 cm (27 kg/m³) : soutien souple intermédiaire.,Mousse HR 4 cm (30 kg/m³) : soutien profond et ferme,Ressorts ensachés 17 cm – 860 ressorts : excellente indépendance de couchage.,Fibre 1 cm – 200 g : finition intérieure pour circulation de l’air.,"Tissu 3D : respirant, évacue l’humidité et favorise la ventilation.",,,,,,Europe,,5 ans,Oui,,Aspirez régulièrement le matelas à l’aide d’un aspirateur muni d’un embout adapté afin d’éliminer poussières et acariens.,Oui,,,Non,,Retrouvez le matelas mi-ferme 1 place 90X190 cm BARCELONE en mousse + ressorts ensachés. Livraison à domicile. Fabriqué en Europe.,Matelas 2 places 90X190 cm BARCELONE ressorts ensachés,,,,1 place,,,,,,"Produits chimiques agressifs (javel, ammoniaque, solvants, détachants industriels).",,,,Non,,,,,,,,,,,Matelas ressorts ensachés,Matelas,,,"Mousse HR, Ressorts ensachés, Mousse viscoélastique",,Standard,,,Tonique,Ferme,,,,,,4.58 EUR,,,,,,,,,,,BARCELONE 90/190,,,,105x40x40 cm,,,,90 x 190 cm,,,,,29 cm,,,,,,,Excellente,,,,,190 cm,,,,,,90 cm,,1,50,,,,,,,,,,,,,,,,,,,,,,,kg,,125.00,true,,,active
matelas-mi-ferme-1-place-90x190-cm-barcelone-en-mousse-et-ressorts-ensaches,,,,,,,,,,,,,,,,,,,,,,,,,,,,,,,https://cdn.shopify.com/s/files/1/0996/7245/7553/files/matelas-mi-ferme-2-places-180x200-cm-barcelone-en-mousse-et-ressorts-ensaches-4850031.png?v=1772706918,2,Matelas mi - ferme 2 places 180X200 cm BARCELONE en mousse et ressorts ensachés - TRUST INDUSTRIE - ,,,,,,,,,,,,,,,,,,,,,,,,,,,,,,,,,,,,,,,,,,,,,,,,,,,,,,,,,,,,,,,,,,,,,,,,,,,,,,,,,,,,,,,,,,,,,,,,,,,,,,,,,,,,,,,,,,,,,,,,,,,,,,,,,,,,,,,,,,,,,,,,,,,,,,,,,,,,,,,,,,,,,,,,,,,
matelas-mi-ferme-1-place-90x190-cm-barcelone-en-mousse-et-ressorts-ensaches,,,,,,,,,,,,,,,,,,,,,,,,,,,,,,,https://cdn.shopify.com/s/files/1/0996/7245/7553/files/matelas-mi-ferme-2-places-180x200-cm-barcelone-en-mousse-et-ressorts-ensaches-9880902.png?v=1772706918,3,Matelas mi - ferme 2 places 180X200 cm BARCELONE en mousse et ressorts ensachés - TRUST INDUSTRIE - ,,,,,,,,,,,,,,,,,,,,,,,,,,,,,,,,,,,,,,,,,,,,,,,,,,,,,,,,,,,,,,,,,,,,,,,,,,,,,,,,,,,,,,,,,,,,,,,,,,,,,,,,,,,,,,,,,,,,,,,,,,,,,,,,,,,,,,,,,,,,,,,,,,,,,,,,,,,,,,,,,,,,,,,,,,,
matelas-ferme-2-places-140x190-cm-berlin-en-mousse-polyurethane,Matelas ferme 2 places BERLIN en mousse polyuréthane,,Trust Industrie,Furniture > Beds & Accessories > Mattresses > High Resilience Foam Mattresses,Matelas,"Europe, Livré roulé, Matelas",true,Dimensions,140 x 190 cm,,,,,,,,'34,0.0,shopify,deny,manual,428.00,713.00,true,true,,,,,,https://cdn.shopify.com/s/files/1/0996/7245/7553/files/matelas-ferme-2-places-180x200-cm-berlin-en-mousse-polyurethane-9172880.png?v=1771474728,1,Matelas ferme 2 places 180X200 cm BERLIN en mousse polyuréthane - TRUST INDUSTRIE - ,false,Matelas 2 places 140X190 cm BERLIN en mousse polyuréthane,Retrouvez le matelas ferme 2 places 140X190 cm BERLIN en mousse polyuréthane. Fabriqué en Europe. Livraison à domicile.,2696,,,,,,,,,,,Oui,,,,Matelas ferme 2 places BERLIN en mousse polyuréthane,,OEKO TEX,,,,,,,,,"Tissu stretch 300 g : souple, doux et légèrement extensible",Mousse HR 1 cm – 25 kg/m³ : accueil équilibré,"Fibre 1 cm – 200 g : respirabilité accrue, effet aéré.","Mousse polyuréthane 1,5 cm – 23 kg/m³ : soutien intermédiaire.","Bloc mousse HR 17 cm – 27 kg/m³ : soutien principal, fermeté stable.",Feutre Felsot 2 cm – 800 g : renforce la structure,Fibre 1 cm – 200 g : couche respirante en bas.,"Tissu 3D : respirant, favorise la ventilation et limite l'humidité",,,,,,,Europe,,5 ans,Oui,,Aspirez régulièrement le matelas à l’aide d’un aspirateur muni d’un embout adapté afin d’éliminer poussières et acariens.,Oui,,,Non,,Retrouvez le matelas ferme 2 places 140X190 cm BERLIN en mousse polyuréthane. Fabriqué en Europe. Livraison à domicile.,Matelas 2 places BERLIN en mousse polyuréthane,,,,2 places,,,,,,"Produits chimiques agressifs (javel, ammoniaque, solvants, détachants industriels).",,,,Non,,,,,,,,,,,Matelas mousse HR,Matelas,,,"Mousse HR, Mousse polyuréthane",,Optimale,,,Tonique,Ferme,,,,,,9.17 EUR,,,,,,,,,,,BERLIN ,,,,,,,,,,,,,,,,,,,,Moyenne,,,,,,,,,,,,,,,,,,,,,,,,,,,,,,,,,,,,,kg,,131.00,true,,,active
matelas-ferme-2-places-140x190-cm-berlin-en-mousse-polyurethane,,,,,,,,,160 x 200 cm,,,,,,,,'34,0.0,shopify,deny,manual,471.00,784.00,true,true,,,,,,https://cdn.shopify.com/s/files/1/0996/7245/7553/files/matelas-ferme-2-places-180x200-cm-berlin-en-mousse-polyurethane-1487631.png?v=1772635948,2,Matelas ferme 2 places 180X200 cm BERLIN en mousse polyuréthane - TRUST INDUSTRIE - ,,,,,,,,,,,,,,,,,,,,,,,,,,,,,,,,,,,,,,,,,,,,,,,,,,,,,,,,,,,,,,,,,,,,,,,,,,,,,,,,,,,,,,,,,,,,,,,,,,,,,,,,,,,,,,,,,,,,,,,,,,,,,,,,,,,,,,,,,,,,,,,,,,,,,,,,,,,,,,,,,,,,,kg,,131.00,,,,
matelas-ferme-2-places-140x190-cm-berlin-en-mousse-polyurethane,,,,,,,,,180 x 200 cm,,,,,,,,'34,0.0,shopify,deny,manual,513.00,856.00,true,true,,,,,,https://cdn.shopify.com/s/files/1/0996/7245/7553/files/matelas-ferme-2-places-180x200-cm-berlin-en-mousse-polyurethane-1312272.png?v=1772635948,3,Matelas ferme 2 places 180X200 cm BERLIN en mousse polyuréthane - TRUST INDUSTRIE - ,,,,,,,,,,,,,,,,,,,,,,,,,,,,,,,,,,,,,,,,,,,,,,,,,,,,,,,,,,,,,,,,,,,,,,,,,,,,,,,,,,,,,,,,,,,,,,,,,,,,,,,,,,,,,,,,,,,,,,,,,,,,,,,,,,,,,,,,,,,,,,,,,,,,,,,,,,,,,,,,,,,,,kg,,131.00,,,,
matelas-ferme-2-places-140x190-cm-berlin-en-mousse-polyurethane,,,,,,,,,,,,,,,,,,,,,,,,,,,,,,,https://cdn.shopify.com/s/files/1/0996/7245/7553/files/matelas-ferme-2-places-180x200-cm-berlin-en-mousse-polyurethane-5923012.png?v=1772635948,4,Matelas ferme 2 places 180X200 cm BERLIN en mousse polyuréthane - TRUST INDUSTRIE - ,,,,,,,,,,,,,,,,,,,,,,,,,,,,,,,,,,,,,,,,,,,,,,,,,,,,,,,,,,,,,,,,,,,,,,,,,,,,,,,,,,,,,,,,,,,,,,,,,,,,,,,,,,,,,,,,,,,,,,,,,,,,,,,,,,,,,,,,,,,,,,,,,,,,,,,,,,,,,,,,,,,,,,,,,,,
matelas-ferme-2-places-140x190-cm-berlin-en-mousse-polyurethane,,,,,,,,,,,,,,,,,,,,,,,,,,,,,,,https://cdn.shopify.com/s/files/1/0996/7245/7553/files/matelas-ferme-2-places-180x200-cm-berlin-en-mousse-polyurethane-5520093.png?v=1772635948,5,Matelas ferme 2 places 180X200 cm BERLIN en mousse polyuréthane - TRUST INDUSTRIE - ,,,,,,,,,,,,,,,,,,,,,,,,,,,,,,,,,,,,,,,,,,,,,,,,,,,,,,,,,,,,,,,,,,,,,,,,,,,,,,,,,,,,,,,,,,,,,,,,,,,,,,,,,,,,,,,,,,,,,,,,,,,,,,,,,,,,,,,,,,,,,,,,,,,,,,,,,,,,,,,,,,,,,,,,,,,
matelas-ferme-2-places-140x190-cm-berlin-en-mousse-polyurethane,,,,,,,,,,,,,,,,,,,,,,,,,,,,,,,https://cdn.shopify.com/s/files/1/0996/7245/7553/files/matelas-ferme-2-places-180x200-cm-berlin-en-mousse-polyurethane-7911167.png?v=1772635948,6,Matelas ferme 2 places 180X200 cm BERLIN en mousse polyuréthane - TRUST INDUSTRIE - ,,,,,,,,,,,,,,,,,,,,,,,,,,,,,,,,,,,,,,,,,,,,,,,,,,,,,,,,,,,,,,,,,,,,,,,,,,,,,,,,,,,,,,,,,,,,,,,,,,,,,,,,,,,,,,,,,,,,,,,,,,,,,,,,,,,,,,,,,,,,,,,,,,,,,,,,,,,,,,,,,,,,,,,,,,,
matelas-ferme-2-places-140x190-cm-berlin-en-mousse-polyurethane,,,,,,,,,,,,,,,,,,,,,,,,,,,,,,,https://cdn.shopify.com/s/files/1/0996/7245/7553/files/matelas-ferme-2-places-180x200-cm-berlin-en-mousse-polyurethane-4102954.png?v=1772635948,7,Matelas ferme 2 places 180X200 cm BERLIN en mousse polyuréthane - TRUST INDUSTRIE - ,,,,,,,,,,,,,,,,,,,,,,,,,,,,,,,,,,,,,,,,,,,,,,,,,,,,,,,,,,,,,,,,,,,,,,,,,,,,,,,,,,,,,,,,,,,,,,,,,,,,,,,,,,,,,,,,,,,,,,,,,,,,,,,,,,,,,,,,,,,,,,,,,,,,,,,,,,,,,,,,,,,,,,,,,,,
matelas-ferme-1-place-90x190-cm-berlin-en-mousse-polyurethane,Matelas ferme 1 place 90X190 cm BERLIN en mousse polyuréthane,,Trust Industrie,Furniture > Beds & Accessories > Mattresses > High Resilience Foam Mattresses,Matelas,"Europe, Livré roulé, Matelas",true,Title,Default Title,,,,,,,,'34,0.0,shopify,deny,manual,385.00,641.00,true,true,,,,,,https://cdn.shopify.com/s/files/1/0996/7245/7553/files/matelas-ferme-1-place-90x190-cm-berlin-en-mousse-polyurethane-5126643.png?v=1772717601,1,Matelas ferme 1 place 90X190 cm BERLIN en mousse polyuréthane - TRUST INDUSTRIE - ,false,Matelas 1 place 90X190 cm BERLIN en mousse polyuréthane,Retrouvez le matelas ferme 1 place 90X190 cm BERLIN en mousse polyuréthane. Fabriqué en Europe. Livraison à domicile.,,,,,,,,,,,,Oui,,,,Matelas ferme 1 place 90X190 cm BERLIN en mousse polyuréthane,,OEKO TEX,,,,,,,,,"Tissu stretch 300 g : souple, doux et légèrement extensible",Mousse HR 1 cm – 25 kg/m³ : accueil équilibré,"Fibre 1 cm – 200 g : respirabilité accrue, effet aéré.","Mousse polyuréthane 1,5 cm – 23 kg/m³ : soutien intermédiaire.","Bloc mousse HR 17 cm – 27 kg/m³ : soutien principal, fermeté stable.",Feutre Felsot 2 cm – 800 g : renforce la structure,Fibre 1 cm – 200 g : couche respirante en bas.,"Tissu 3D : respirant, favorise la ventilation et limite l'humidité",,,,,,,Europe,,5 ans,Oui,,Aspirez régulièrement le matelas à l’aide d’un aspirateur muni d’un embout adapté afin d’éliminer poussières et acariens.,Oui,,,Non,,Retrouvez le matelas ferme 1 place 90X190 cm BERLIN en mousse polyuréthane. Fabriqué en Europe. Livraison à domicile.,Matelas 1 place 90X190 cm BERLIN en mousse polyuréthane,,,,1 place,,,,,,"Produits chimiques agressifs (javel, ammoniaque, solvants, détachants industriels).",,,,Non,,,,,,,,,,,Matelas mousse HR,Matelas,,,"Mousse HR, Mousse polyuréthane",,Optimale,,,Tonique,Ferme,,,,,,4.58 EUR,,,,,,,,,,,BERLIN 90/190,,,,105x40x40 cm,,,,90 x 190 cm,,,,,28 cm,,,,,,,Moyenne,,,,,190 cm,,,,,,90 cm,,1,16,16,,,,,,,,,,,,,,,,,,,,,,kg,,91.00,true,,,active
matelas-ferme-1-place-90x190-cm-berlin-en-mousse-polyurethane,,,,,,,,,,,,,,,,,,,,,,,,,,,,,,,https://cdn.shopify.com/s/files/1/0996/7245/7553/files/matelas-ferme-2-places-180x200-cm-berlin-en-mousse-polyurethane-1487631.png?v=1772635948,2,Matelas ferme 2 places 180X200 cm BERLIN en mousse polyuréthane - TRUST INDUSTRIE - ,,,,,,,,,,,,,,,,,,,,,,,,,,,,,,,,,,,,,,,,,,,,,,,,,,,,,,,,,,,,,,,,,,,,,,,,,,,,,,,,,,,,,,,,,,,,,,,,,,,,,,,,,,,,,,,,,,,,,,,,,,,,,,,,,,,,,,,,,,,,,,,,,,,,,,,,,,,,,,,,,,,,,,,,,,,
matelas-ferme-1-place-90x190-cm-berlin-en-mousse-polyurethane,,,,,,,,,,,,,,,,,,,,,,,,,,,,,,,https://cdn.shopify.com/s/files/1/0996/7245/7553/files/matelas-ferme-2-places-180x200-cm-berlin-en-mousse-polyurethane-5923012.png?v=1772635948,3,Matelas ferme 2 places 180X200 cm BERLIN en mousse polyuréthane - TRUST INDUSTRIE - ,,,,,,,,,,,,,,,,,,,,,,,,,,,,,,,,,,,,,,,,,,,,,,,,,,,,,,,,,,,,,,,,,,,,,,,,,,,,,,,,,,,,,,,,,,,,,,,,,,,,,,,,,,,,,,,,,,,,,,,,,,,,,,,,,,,,,,,,,,,,,,,,,,,,,,,,,,,,,,,,,,,,,,,,,,,
matelas-ferme-1-place-90x190-cm-berlin-en-mousse-polyurethane,,,,,,,,,,,,,,,,,,,,,,,,,,,,,,,https://cdn.shopify.com/s/files/1/0996/7245/7553/files/matelas-ferme-2-places-180x200-cm-berlin-en-mousse-polyurethane-1312272.png?v=1772635948,4,Matelas ferme 2 places 180X200 cm BERLIN en mousse polyuréthane - TRUST INDUSTRIE - ,,,,,,,,,,,,,,,,,,,,,,,,,,,,,,,,,,,,,,,,,,,,,,,,,,,,,,,,,,,,,,,,,,,,,,,,,,,,,,,,,,,,,,,,,,,,,,,,,,,,,,,,,,,,,,,,,,,,,,,,,,,,,,,,,,,,,,,,,,,,,,,,,,,,,,,,,,,,,,,,,,,,,,,,,,,
matelas-ferme-1-place-90x190-cm-berlin-en-mousse-polyurethane,,,,,,,,,,,,,,,,,,,,,,,,,,,,,,,https://cdn.shopify.com/s/files/1/0996/7245/7553/files/matelas-ferme-2-places-180x200-cm-berlin-en-mousse-polyurethane-5520093.png?v=1772635948,5,Matelas ferme 2 places 180X200 cm BERLIN en mousse polyuréthane - TRUST INDUSTRIE - ,,,,,,,,,,,,,,,,,,,,,,,,,,,,,,,,,,,,,,,,,,,,,,,,,,,,,,,,,,,,,,,,,,,,,,,,,,,,,,,,,,,,,,,,,,,,,,,,,,,,,,,,,,,,,,,,,,,,,,,,,,,,,,,,,,,,,,,,,,,,,,,,,,,,,,,,,,,,,,,,,,,,,,,,,,,
matelas-ferme-1-place-90x190-cm-berlin-en-mousse-polyurethane,,,,,,,,,,,,,,,,,,,,,,,,,,,,,,,https://cdn.shopify.com/s/files/1/0996/7245/7553/files/matelas-ferme-2-places-180x200-cm-berlin-en-mousse-polyurethane-7911167.png?v=1772635948,6,Matelas ferme 2 places 180X200 cm BERLIN en mousse polyuréthane - TRUST INDUSTRIE - ,,,,,,,,,,,,,,,,,,,,,,,,,,,,,,,,,,,,,,,,,,,,,,,,,,,,,,,,,,,,,,,,,,,,,,,,,,,,,,,,,,,,,,,,,,,,,,,,,,,,,,,,,,,,,,,,,,,,,,,,,,,,,,,,,,,,,,,,,,,,,,,,,,,,,,,,,,,,,,,,,,,,,,,,,,,
matelas-ferme-1-place-90x190-cm-berlin-en-mousse-polyurethane,,,,,,,,,,,,,,,,,,,,,,,,,,,,,,,https://cdn.shopify.com/s/files/1/0996/7245/7553/files/matelas-ferme-2-places-180x200-cm-berlin-en-mousse-polyurethane-4102954.png?v=1772635948,7,Matelas ferme 2 places 180X200 cm BERLIN en mousse polyuréthane - TRUST INDUSTRIE - ,,,,,,,,,,,,,,,,,,,,,,,,,,,,,,,,,,,,,,,,,,,,,,,,,,,,,,,,,,,,,,,,,,,,,,,,,,,,,,,,,,,,,,,,,,,,,,,,,,,,,,,,,,,,,,,,,,,,,,,,,,,,,,,,,,,,,,,,,,,,,,,,,,,,,,,,,,,,,,,,,,,,,,,,,,,
matelas-ferme-1-place-90x190-cm-berlin-en-mousse-polyurethane,,,,,,,,,,,,,,,,,,,,,,,,,,,,,,,https://cdn.shopify.com/s/files/1/0996/7245/7553/files/matelas-moelleux-2-places-180x200-cm-singapour-en-mousse-polyurethane-et-ressorts-ensaches-1169004.png?v=1772706463,8,Matelas moelleux 2 places 180X200 cm SINGAPOUR en mousse polyuréthane et ressorts ensachés - TRUST INDUSTRIE - ,,,,,,,,,,,,,,,,,,,,,,,,,,,,,,,,,,,,,,,,,,,,,,,,,,,,,,,,,,,,,,,,,,,,,,,,,,,,,,,,,,,,,,,,,,,,,,,,,,,,,,,,,,,,,,,,,,,,,,,,,,,,,,,,,,,,,,,,,,,,,,,,,,,,,,,,,,,,,,,,,,,,,,,,,,,
matelas-ferme-2-places-140x190-cm-milan-en-mousse-polyurethane,Matelas ferme 2 places MILAN en mousse polyuréthane,,Trust Industrie,Furniture > Beds & Accessories > Mattresses > High Resilience Foam Mattresses,Matelas,"Europe, Livré roulé, Matelas",true,Dimensions ,140 x 190 cm,,,,,,,,'34,0.0,shopify,deny,manual,256.00,427.00,true,true,,,,,,https://cdn.shopify.com/s/files/1/0996/7245/7553/files/matelas-ferme-2-places-180x200-cm-milan-en-mousse-polyurethane-9265449.png?v=1771474714,1,Matelas ferme 2 places 180X200 cm - MILAN en mousse polyuréthane - TRUST INDUSTRIE - ,false,Matelas 2 places 140X190 cm MILAN en mousse polyuréthane,Retrouvez le matelas ferme 2 places 140X190 cm MILAN en mousse polyuréthane. Fabriqué en Europe. Livraison à domicile.,,,,,,,,,,,,Oui,,,,Matelas ferme 2 places MILAN en mousse polyuréthane,,OEKO TEX,,,,,,,,,"Tissu stretch 320g : doux, extensible et respirant.Tissu stretch 300 g : souple, doux et légèrement extensible",Mousse HR 1 cm – 25 kg/m³ : accueil équilibré.,"Fibre 1 cm – 200 g : respirabilité accrue, effet aéré.","Mousse polyuréthane 1,5 cm – 23 kg/m³ : soutien intermédiaire.","Bloc mousse HR 17 cm – 27 kg/m³ : soutien principal, fermeté stable.",Feutre Felsot 2 cm – 800 g : renforce la structure et absorbe les pressions.,Fibre 1 cm – 200 g : couche respirante en bas.,"Tissu 3D : respirant, favorise la ventilation et limite l'humidité.",,,,,,,Europe,,5 ans,Oui,,Aspirez régulièrement le matelas à l’aide d’un aspirateur muni d’un embout adapté afin d’éliminer poussières et acariens.,Oui,,,Non,,Retrouvez le matelas ferme 2 places MILAN en mousse polyuréthane. Fabriqué en Europe. Livraison à domicile.,Matelas 2 places MILAN en mousse polyuréthane,,,,2 places,,,,,,"Produits chimiques agressifs (javel, ammoniaque, solvants, détachants industriels).",,,,Non,,,,,,,,,,,Matelas mousse HR,Matelas,,,"Mousse HR, Mousse polyuréthane",,Standard,,,Tonique,Ferme,,,,,,9.17 EUR,,,,,,,,,,,MILAN ,,,,,,,,,,,,,,,,,,,,Moyenne,,,,,,,,,,,,,,,,,,,,,,,,,,,,,,,,,,,,,kg,,98.00,true,,,active
matelas-ferme-2-places-140x190-cm-milan-en-mousse-polyurethane,,,,,,,,,160 x 200 cm,,,,,,,,'34,0.0,shopify,deny,manual,299.00,499.00,true,true,,,,,,https://cdn.shopify.com/s/files/1/0996/7245/7553/files/matelas-ferme-2-places-180x200-cm-milan-en-mousse-polyurethane-9161547.png?v=1772635709,2,Matelas ferme 2 places 180X200 cm - MILAN en mousse polyuréthane - TRUST INDUSTRIE - ,,,,,,,,,,,,,,,,,,,,,,,,,,,,,,,,,,,,,,,,,,,,,,,,,,,,,,,,,,,,,,,,,,,,,,,,,,,,,,,,,,,,,,,,,,,,,,,,,,,,,,,,,,,,,,,,,,,,,,,,,,,,,,,,,,,,,,,,,,,,,,,,,,,,,,,,,,,,,,,,,,,,,kg,,98.00,,,,
matelas-ferme-2-places-140x190-cm-milan-en-mousse-polyurethane,,,,,,,,,180 x 200 cm,,,,,,,,'34,0.0,shopify,deny,manual,342.00,570.00,true,true,,,,,,,,,,,,,,,,,,,,,,,,,,,,,,,,,,,,,,,,,,,,,,,,,,,,,,,,,,,,,,,,,,,,,,,,,,,,,,,,,,,,,,,,,,,,,,,,,,,,,,,,,,,,,,,,,,,,,,,,,,,,,,,,,,,,,,,,,,,,,,,,,,,,,,,,,,,,,,,,,,,,,,,,,,,,,kg,,98.00,,,,
matelas-ferme-1-place-90x190-cm-milan-en-mousse-polyurethane,Matelas ferme 1 place 90X190 cm MILAN en mousse polyuréthane,,Trust Industrie,Furniture > Beds & Accessories > Mattresses > High Resilience Foam Mattresses,Matelas,"Europe, Livré roulé, Matelas",true,Title,Default Title,,,,,,,,'34,0.0,shopify,deny,manual,213.00,332.00,true,true,,,,,,https://cdn.shopify.com/s/files/1/0996/7245/7553/files/matelas-ferme-1-place-90x190-cm-milan-en-mousse-polyurethane-9703312.jpg?v=1772717601,1,Matelas ferme 1 place 90X190 cm MILAN en mousse polyuréthane - TRUST INDUSTRIE - ,false,Matelas 1 place 90X190 cm MILAN en mousse polyuréthane,Retrouvez le matelas ferme 2 places 90X190 cm MILAN en mousse polyuréthane. Fabriqué en Europe. Livraison à domicile.,,,,,,,,,,,,Oui,,,,Matelas ferme 1 place 90X190 cm MILAN en mousse polyuréthane,,OEKO TEX,,,,,,,,,"Tissu stretch 320g : doux, extensible et respirant.Tissu stretch 300 g : souple, doux et légèrement extensible",Mousse HR 1 cm – 25 kg/m³ : accueil équilibré.,"Fibre 1 cm – 200 g : respirabilité accrue, effet aéré.","Mousse polyuréthane 1,5 cm – 23 kg/m³ : soutien intermédiaire.","Bloc mousse HR 17 cm – 27 kg/m³ : soutien principal, fermeté stable.",Feutre Felsot 2 cm – 800 g : renforce la structure et absorbe les pressions.,Fibre 1 cm – 200 g : couche respirante en bas.,"Tissu 3D : respirant, favorise la ventilation et limite l'humidité.",,,,,,,Europe,,5 ans,Oui,,Aspirez régulièrement le matelas à l’aide d’un aspirateur muni d’un embout adapté afin d’éliminer poussières et acariens.,Oui,,,Non,,Retrouvez le matelas ferme 2 places 90X190 cm MILAN en mousse polyuréthane. Fabriqué en Europe. Livraison à domicile.,Matelas 1 place 90X190 cm MILAN en mousse polyuréthane,,,,1 place,,,,,,"Produits chimiques agressifs (javel, ammoniaque, solvants, détachants industriels).",,,,Non,,,,,,,,,,,Matelas mousse HR,Matelas,,,"Mousse HR, Mousse polyuréthane",,Standard,,,Tonique,Ferme,,,,,,4.58 EUR,,,,,,,,,,,MILAN 90/190,,,,105x40x40 cm,,,,90 x 190 cm,,,,,26 cm,,,,,,,Moyenne,,,,,190 cm,,,,,,90 cm,,1,50,,,,,,,,,,,,,,,,,,,,,,,kg,,74.00,true,,,active
matelas-ferme-1-place-90x190-cm-milan-en-mousse-polyurethane,,,,,,,,,,,,,,,,,,,,,,,,,,,,,,,https://cdn.shopify.com/s/files/1/0996/7245/7553/files/matelas-ferme-2-places-180x200-cm-milan-en-mousse-polyurethane-9161547.png?v=1772635709,2,Matelas ferme 2 places 180X200 cm - MILAN en mousse polyuréthane - TRUST INDUSTRIE - ,,,,,,,,,,,,,,,,,,,,,,,,,,,,,,,,,,,,,,,,,,,,,,,,,,,,,,,,,,,,,,,,,,,,,,,,,,,,,,,,,,,,,,,,,,,,,,,,,,,,,,,,,,,,,,,,,,,,,,,,,,,,,,,,,,,,,,,,,,,,,,,,,,,,,,,,,,,,,,,,,,,,,,,,,,,
